2.294008970260620117e+00
2.283529996871948242e+00
2.268100023269653320e+00
2.268395185470581055e+00
2.257387161254882812e+00
2.270463705062866211e+00
2.250231981277465820e+00
2.221009254455566406e+00
2.184256553649902344e+00
2.224495172500610352e+00
2.206176519393920898e+00
2.182718276977539062e+00
2.176958322525024414e+00
2.170795679092407227e+00
2.151481628417968750e+00
2.157407045364379883e+00
2.156280040740966797e+00
2.145073890686035156e+00
2.119750738143920898e+00
2.149532794952392578e+00
2.125821352005004883e+00
2.085133790969848633e+00
2.078619480133056641e+00
2.085174322128295898e+00
2.084130287170410156e+00
2.051570653915405273e+00
2.066202878952026367e+00
2.049716234207153320e+00
2.089814424514770508e+00
2.048589706420898438e+00
2.008531570434570312e+00
2.066865921020507812e+00
2.032719612121582031e+00
2.020025014877319336e+00
2.020693778991699219e+00
2.023124217987060547e+00
1.992919445037841797e+00
1.981003880500793457e+00
1.990965604782104492e+00
1.999307036399841309e+00
1.986968755722045898e+00
1.985034584999084473e+00
1.984339118003845215e+00
1.936278462409973145e+00
1.938669323921203613e+00
1.962411761283874512e+00
1.946971535682678223e+00
1.923938393592834473e+00
1.947957515716552734e+00
1.927025318145751953e+00
1.920224189758300781e+00
1.928069710731506348e+00
1.925214767456054688e+00
1.891006112098693848e+00
1.893574714660644531e+00
1.877805233001708984e+00
1.894982457160949707e+00
1.870082020759582520e+00
1.859159946441650391e+00
1.871326327323913574e+00
1.877407193183898926e+00
1.851273298263549805e+00
1.839472293853759766e+00
1.848917007446289062e+00
1.838119268417358398e+00
1.824746370315551758e+00
1.826315999031066895e+00
1.833197474479675293e+00
1.837010264396667480e+00
1.833670616149902344e+00
1.814337253570556641e+00
1.800036907196044922e+00
1.832980632781982422e+00
1.818419694900512695e+00
1.767256855964660645e+00
1.795818805694580078e+00
1.787298917770385742e+00
1.807472348213195801e+00
1.810053706169128418e+00
1.811486124992370605e+00
1.799173831939697266e+00
1.790693283081054688e+00
1.796275496482849121e+00
1.764843821525573730e+00
1.747745990753173828e+00
1.754621982574462891e+00
1.785569071769714355e+00
1.746821045875549316e+00
1.779580593109130859e+00
1.746886968612670898e+00
1.752753973007202148e+00
1.755246758460998535e+00
1.749551177024841309e+00
1.734893679618835449e+00
1.733526229858398438e+00
1.760609984397888184e+00
1.717316031455993652e+00
1.728517413139343262e+00
1.725322484970092773e+00
1.730841994285583496e+00
1.736562252044677734e+00
1.706799745559692383e+00
1.725633621215820312e+00
1.707268118858337402e+00
1.710002779960632324e+00
1.707349419593811035e+00
1.687610864639282227e+00
1.710462093353271484e+00
1.677113056182861328e+00
1.672488927841186523e+00
1.686202287673950195e+00
1.697447896003723145e+00
1.694324016571044922e+00
1.680297374725341797e+00
1.696857690811157227e+00
1.680260181427001953e+00
1.700429558753967285e+00
1.701871514320373535e+00
1.658473491668701172e+00
1.659872531890869141e+00
1.675661206245422363e+00
1.668677330017089844e+00
1.642224669456481934e+00
1.676473975181579590e+00
1.651103615760803223e+00
1.674124956130981445e+00
1.674384474754333496e+00
1.645251870155334473e+00
1.656767368316650391e+00
1.663105845451354980e+00
1.648270368576049805e+00
1.632664203643798828e+00
1.633225917816162109e+00
1.661352276802062988e+00
1.675761580467224121e+00
1.636700749397277832e+00
1.650397300720214844e+00
1.657339453697204590e+00
1.654485583305358887e+00
1.646622180938720703e+00
1.629188895225524902e+00
1.633429288864135742e+00
1.664337992668151855e+00
1.630253553390502930e+00
1.655874133110046387e+00
1.600956559181213379e+00
1.659595847129821777e+00
1.626869678497314453e+00
1.656246781349182129e+00
1.647187232971191406e+00
1.632989645004272461e+00
1.642424821853637695e+00
1.644312143325805664e+00
1.644641160964965820e+00
1.635021328926086426e+00
1.638453006744384766e+00
1.616197347640991211e+00
1.616353631019592285e+00
1.624585151672363281e+00
1.621737003326416016e+00
1.618754148483276367e+00
1.626960396766662598e+00
1.624658584594726562e+00
1.635647892951965332e+00
1.617402672767639160e+00
1.609702229499816895e+00
1.617913007736206055e+00
1.630556225776672363e+00
1.599705576896667480e+00
1.642818570137023926e+00
1.644839048385620117e+00
1.631397962570190430e+00
1.617422938346862793e+00
1.616703033447265625e+00
1.646940708160400391e+00
1.585178256034851074e+00
1.623690009117126465e+00
1.598871827125549316e+00
1.624261975288391113e+00
1.642831563949584961e+00
1.624588608741760254e+00
1.657911777496337891e+00
1.617796063423156738e+00
1.625994801521301270e+00
1.607984185218811035e+00
1.645400047302246094e+00
1.620267391204833984e+00
1.636382222175598145e+00
1.622481822967529297e+00
1.630878686904907227e+00
1.635834574699401855e+00
1.639153242111206055e+00
1.627338528633117676e+00
1.621864557266235352e+00
1.627016425132751465e+00
1.646223425865173340e+00
1.620580554008483887e+00
1.641442775726318359e+00
1.635931730270385742e+00
1.622192502021789551e+00
1.625398635864257812e+00
1.624985337257385254e+00
1.591854691505432129e+00
1.605381965637207031e+00
1.609111785888671875e+00
1.623180389404296875e+00
1.651622653007507324e+00
1.638655781745910645e+00
1.629063248634338379e+00
1.631174445152282715e+00
1.623983860015869141e+00
1.639328837394714355e+00
1.619564414024353027e+00
1.617860794067382812e+00
1.648164629936218262e+00
1.621469616889953613e+00
1.650963425636291504e+00
1.647145748138427734e+00
1.638146758079528809e+00
1.652041554450988770e+00
1.651622295379638672e+00
1.640169620513916016e+00
1.619720697402954102e+00
1.664250969886779785e+00
1.666703104972839355e+00
1.659476280212402344e+00
1.642576932907104492e+00
1.654731035232543945e+00
1.641999363899230957e+00
1.665621399879455566e+00
1.638986110687255859e+00
1.666640758514404297e+00
1.655160069465637207e+00
1.678781032562255859e+00
1.651423454284667969e+00
1.678384661674499512e+00
1.649381041526794434e+00
1.671444296836853027e+00
1.690040826797485352e+00
1.681839942932128906e+00
1.656942009925842285e+00
1.695661902427673340e+00
1.690987944602966309e+00
1.702738881111145020e+00
1.681872487068176270e+00
1.697348475456237793e+00
1.678471684455871582e+00
1.700548648834228516e+00
1.684931278228759766e+00
1.684379577636718750e+00
1.684605598449707031e+00
1.680330276489257812e+00
1.727727651596069336e+00
1.689844608306884766e+00
1.707570195198059082e+00
1.731687188148498535e+00
1.711204051971435547e+00
1.716306209564208984e+00
1.716160774230957031e+00
1.692701697349548340e+00
1.728667020797729492e+00
1.713471651077270508e+00
1.736722111701965332e+00
1.746470689773559570e+00
1.723463416099548340e+00
1.720668315887451172e+00
1.727334856986999512e+00
1.739894866943359375e+00
1.755404829978942871e+00
1.729825019836425781e+00
1.737562298774719238e+00
1.743590831756591797e+00
1.724351882934570312e+00
1.748091697692871094e+00
1.783144235610961914e+00
1.760090231895446777e+00
1.807165384292602539e+00
1.786547899246215820e+00
1.769631743431091309e+00
1.796959519386291504e+00
1.794017195701599121e+00
1.750655651092529297e+00
1.808590173721313477e+00
1.806390047073364258e+00
1.800367593765258789e+00
1.814581513404846191e+00
1.785505890846252441e+00
1.807156682014465332e+00
1.818506360054016113e+00
1.832283139228820801e+00
1.830703973770141602e+00
1.808111667633056641e+00
1.821754693984985352e+00
1.847262382507324219e+00
1.847279310226440430e+00
1.854294419288635254e+00
1.852855563163757324e+00
1.839492559432983398e+00
1.853856801986694336e+00
1.844752907752990723e+00
1.865021228790283203e+00
1.873215794563293457e+00
1.872305750846862793e+00
1.889990091323852539e+00
1.880619406700134277e+00
1.878005623817443848e+00
1.880449295043945312e+00
1.908194422721862793e+00
1.896680831909179688e+00
1.903688549995422363e+00
1.924693107604980469e+00
1.921089887619018555e+00
1.936367750167846680e+00
1.950071096420288086e+00
1.938258051872253418e+00
1.946218848228454590e+00
1.947601318359375000e+00
1.934023618698120117e+00
1.937328696250915527e+00
1.977533578872680664e+00
1.965191483497619629e+00
1.978686451911926270e+00
1.974831223487854004e+00
1.989035248756408691e+00
2.009279489517211914e+00
2.005976438522338867e+00
1.998057842254638672e+00
2.049240350723266602e+00
1.994094014167785645e+00
2.019984245300292969e+00
2.064958572387695312e+00
2.046844244003295898e+00
2.070214271545410156e+00
2.047059059143066406e+00
2.053238630294799805e+00
2.085776567459106445e+00
2.074581384658813477e+00
2.081820487976074219e+00
2.081180095672607422e+00
2.111321687698364258e+00
2.118520975112915039e+00
2.116236448287963867e+00
2.100117206573486328e+00
2.121266841888427734e+00
2.162447929382324219e+00
2.154314994812011719e+00
2.142409086227416992e+00
2.160187721252441406e+00
2.164379596710205078e+00
2.178001642227172852e+00
2.179093360900878906e+00
2.209244966506958008e+00
2.217580080032348633e+00
2.232686281204223633e+00
2.218616724014282227e+00
2.231911897659301758e+00
2.247575283050537109e+00
2.245535373687744141e+00
2.256236553192138672e+00
2.258583307266235352e+00
2.251081943511962891e+00
2.316375255584716797e+00
2.291907072067260742e+00
2.320884466171264648e+00
2.354572057723999023e+00
2.347431659698486328e+00
2.346354722976684570e+00
2.352095842361450195e+00
2.378113746643066406e+00
2.388716936111450195e+00
2.391153097152709961e+00
2.417369842529296875e+00
2.387708187103271484e+00
2.430932044982910156e+00
2.436037302017211914e+00
2.451606273651123047e+00
2.419953107833862305e+00
2.454929828643798828e+00
2.498786687850952148e+00
2.497822761535644531e+00
2.501155853271484375e+00
2.519831418991088867e+00
2.542911291122436523e+00
2.557644844055175781e+00
2.597091674804687500e+00
2.556966543197631836e+00
2.595169544219970703e+00
2.588643312454223633e+00
2.623762845993041992e+00
2.649646282196044922e+00
2.664439201354980469e+00
2.660550117492675781e+00
2.690060853958129883e+00
2.698919296264648438e+00
2.727294921875000000e+00
2.757480621337890625e+00
2.722517013549804688e+00
2.752269506454467773e+00
2.788877725601196289e+00
2.790003776550292969e+00
2.826680898666381836e+00
2.840296983718872070e+00
2.849091291427612305e+00
2.871074914932250977e+00
2.861240386962890625e+00
2.926147937774658203e+00
2.920231342315673828e+00
2.958351373672485352e+00
2.952314138412475586e+00
3.003864049911499023e+00
3.009981632232666016e+00
3.008089303970336914e+00
3.070750474929809570e+00
3.080693244934082031e+00
3.078194856643676758e+00
3.098720788955688477e+00
3.107912063598632812e+00
3.144429206848144531e+00
3.180841922760009766e+00
3.198028564453125000e+00
3.246348857879638672e+00
3.244400739669799805e+00
3.297804355621337891e+00
3.286755561828613281e+00
3.312943458557128906e+00
3.356551647186279297e+00
3.361286163330078125e+00
3.411624193191528320e+00
3.428497314453125000e+00
3.477765083312988281e+00
3.502764701843261719e+00
3.521136760711669922e+00
3.532452106475830078e+00
3.577252864837646484e+00
3.619284629821777344e+00
3.654432535171508789e+00
3.679659366607666016e+00
3.704909801483154297e+00
3.750574827194213867e+00
3.773896932601928711e+00
3.849492549896240234e+00
3.873262166976928711e+00
3.870931386947631836e+00
3.919089794158935547e+00
3.968284130096435547e+00
4.039148807525634766e+00
4.051169872283935547e+00
4.072864055633544922e+00
4.146267414093017578e+00
4.140041828155517578e+00
4.184304237365722656e+00
4.242573738098144531e+00
4.282964229583740234e+00
4.361679553985595703e+00
4.411059856414794922e+00
4.436922073364257812e+00
4.493861675262451172e+00
4.546881198883056641e+00
4.616084575653076172e+00
4.672337055206298828e+00
4.706701755523681641e+00
4.785995483398437500e+00
4.808816909790039062e+00
4.922175407409667969e+00
4.965541839599609375e+00
5.012300491333007812e+00
5.079563617706298828e+00
5.133912086486816406e+00
5.160617828369140625e+00
5.300712108612060547e+00
5.315574645996093750e+00
5.448648452758789062e+00
5.490617752075195312e+00
5.553610801696777344e+00
5.666836738586425781e+00
5.738304138183593750e+00
5.876152038574218750e+00
5.957692623138427734e+00
5.999152183532714844e+00
6.144169330596923828e+00
6.226329803466796875e+00
6.348686218261718750e+00
6.440732955932617188e+00
6.515087604522705078e+00
6.676962852478027344e+00
6.764105796813964844e+00
6.862118244171142578e+00
7.030445098876953125e+00
7.153966426849365234e+00
7.307185173034667969e+00
7.434719085693359375e+00
7.543583393096923828e+00
7.756571292877197266e+00
7.885713577270507812e+00
8.081261634826660156e+00
8.242818832397460938e+00
8.346071243286132812e+00
8.649762153625488281e+00
8.792221069335937500e+00
9.081114768981933594e+00
9.246824264526367188e+00
9.434407234191894531e+00
9.788977622985839844e+00
9.957386016845703125e+00
1.000104331970214844e+01
9.994471549987792969e+00
1.000935554504394531e+01
9.993018150329589844e+00
9.971996307373046875e+00
1.000215625762939453e+01
1.000969219207763672e+01
9.989706993103027344e+00
1.001330471038818359e+01
1.000475788116455078e+01
1.000026130676269531e+01
9.999198913574218750e+00
9.992684364318847656e+00
9.984407424926757812e+00
9.996346473693847656e+00
9.994226455688476562e+00
1.000874996185302734e+01
1.001212215423583984e+01
1.004541301727294922e+01
1.003054618835449219e+01
9.991987228393554688e+00
1.001406288146972656e+01
9.985342979431152344e+00
1.001348400115966797e+01
1.000148582458496094e+01
9.981326103210449219e+00
9.990676879882812500e+00
1.003366088867187500e+01
9.990568161010742188e+00
9.993856430053710938e+00
9.978807449340820312e+00
1.001412105560302734e+01
9.984101295471191406e+00
9.997288703918457031e+00
1.000807189941406250e+01
9.987770080566406250e+00
1.000912761688232422e+01
1.003112030029296875e+01
9.993611335754394531e+00
1.002304553985595703e+01
1.000242042541503906e+01
9.995863914489746094e+00
9.981140136718750000e+00
9.957224845886230469e+00
9.989986419677734375e+00
9.989508628845214844e+00
1.002037811279296875e+01
1.001489162445068359e+01
9.983506202697753906e+00
9.999421119689941406e+00
9.999084472656250000e+00
9.984853744506835938e+00
1.000534915924072266e+01
9.978685379028320312e+00
1.002749443054199219e+01
9.969286918640136719e+00
1.001688766479492188e+01
9.628351211547851562e+00
9.317548751831054688e+00
9.063941001892089844e+00
8.472270011901855469e+00
8.218326568603515625e+00
7.799373149871826172e+00
7.568608760833740234e+00
7.470710754394531250e+00
7.473474502563476562e+00
7.473528861999511719e+00
7.300574302673339844e+00
7.084287643432617188e+00
6.949242115020751953e+00
6.647903442382812500e+00
6.484331607818603516e+00
6.374505519866943359e+00
6.102794647216796875e+00
6.028567314147949219e+00
5.813568115234375000e+00
5.680313110351562500e+00
5.586190223693847656e+00
5.401808738708496094e+00
5.296630859375000000e+00
5.105374813079833984e+00
5.077161788940429688e+00
5.005556583404541016e+00
4.787248134613037109e+00
4.754234790802001953e+00
4.626987934112548828e+00
4.549004077911376953e+00
4.489564895629882812e+00
4.361959934234619141e+00
4.309763431549072266e+00
4.236516475677490234e+00
4.152629852294921875e+00
4.062937736511230469e+00
3.991507768630981445e+00
3.924670934677124023e+00
3.938321828842163086e+00
3.795253992080688477e+00
3.736408472061157227e+00
3.658223628997802734e+00
3.621236324310302734e+00
3.573596000671386719e+00
3.528549909591674805e+00
3.459990262985229492e+00
3.424140453338623047e+00
3.361180067062377930e+00
3.314984798431396484e+00
3.266353607177734375e+00
3.249618768692016602e+00
3.189216136932373047e+00
3.126324653625488281e+00
3.104180812835693359e+00
3.049514532089233398e+00
3.005889177322387695e+00
2.989809751510620117e+00
2.947619199752807617e+00
2.900210142135620117e+00
2.849855899810791016e+00
2.831434249877929688e+00
2.794487714767456055e+00
2.752149820327758789e+00
2.745081901550292969e+00
2.695287466049194336e+00
2.669485569000244141e+00
2.664804458618164062e+00
2.634860277175903320e+00
2.601428031921386719e+00
2.562077760696411133e+00
2.548384189605712891e+00
2.540372371673583984e+00
2.494047403335571289e+00
2.466951131820678711e+00
2.426602840423583984e+00
2.431119203567504883e+00
2.389075756072998047e+00
2.369382619857788086e+00
2.346290349960327148e+00
2.344268560409545898e+00
2.317551374435424805e+00
2.295560359954833984e+00
2.255646467208862305e+00
2.231042861938476562e+00
2.245773792266845703e+00
2.217852592468261719e+00
2.207177639007568359e+00
2.191237211227416992e+00
2.137541532516479492e+00
2.125748634338378906e+00
2.080969095230102539e+00
2.089331388473510742e+00
2.081172943115234375e+00
2.045952558517456055e+00
2.059782028198242188e+00
2.030175924301147461e+00
2.019120931625366211e+00
1.983040332794189453e+00
1.946758985519409180e+00
1.962630271911621094e+00
1.940027236938476562e+00
1.914439558982849121e+00
1.896850347518920898e+00
1.913165926933288574e+00
1.922299265861511230e+00
1.861070752143859863e+00
1.858402609825134277e+00
1.860875606536865234e+00
1.822378873825073242e+00
1.823406815528869629e+00
1.801528215408325195e+00
1.791559457778930664e+00
1.790870666503906250e+00
1.778111338615417480e+00
1.766789913177490234e+00
1.765959739685058594e+00
1.725453972816467285e+00
1.701199054718017578e+00
1.724476575851440430e+00
1.702044963836669922e+00
1.696896195411682129e+00
1.679714441299438477e+00
1.690342426300048828e+00
1.665500283241271973e+00
1.623502969741821289e+00
1.650444626808166504e+00
1.655789852142333984e+00
1.650066852569580078e+00
1.623479485511779785e+00
1.599630594253540039e+00
1.581320762634277344e+00
1.576465845108032227e+00
1.576902866363525391e+00
1.570583462715148926e+00
1.557302713394165039e+00
1.537917494773864746e+00
1.551785945892333984e+00
1.539875626564025879e+00
1.534442067146301270e+00
1.515031576156616211e+00
1.519285798072814941e+00
1.526973605155944824e+00
1.487635970115661621e+00
1.514458060264587402e+00
1.469652533531188965e+00
1.453281402587890625e+00
1.451616287231445312e+00
1.456677556037902832e+00
1.462917208671569824e+00
1.439791917800903320e+00
1.439423203468322754e+00
1.432081580162048340e+00
1.453973889350891113e+00
1.415126919746398926e+00
1.427789568901062012e+00
1.402282238006591797e+00
1.399260044097900391e+00
1.409223318099975586e+00
1.381358504295349121e+00
1.383264422416687012e+00
1.377591967582702637e+00
1.378198981285095215e+00
1.349955320358276367e+00
1.380518794059753418e+00
1.322172403335571289e+00
1.350205421447753906e+00
1.316102981567382812e+00
1.328639745712280273e+00
1.322818517684936523e+00
1.349249362945556641e+00
1.302403092384338379e+00
1.316989183425903320e+00
1.317846417427062988e+00
1.273222923278808594e+00
1.295345425605773926e+00
1.281040310859680176e+00
1.266500473022460938e+00
1.290029048919677734e+00
1.234731078147888184e+00
1.266786932945251465e+00
1.273433923721313477e+00
1.234724164009094238e+00
1.265015244483947754e+00
1.272174119949340820e+00
1.242147564888000488e+00
1.250773191452026367e+00
1.211686611175537109e+00
1.241227746009826660e+00
1.245036244392395020e+00
1.265023708343505859e+00
1.222633719444274902e+00
1.210214734077453613e+00
1.209510564804077148e+00
1.203114390373229980e+00
1.199802398681640625e+00
1.195625066757202148e+00
1.199772953987121582e+00
1.215927362442016602e+00
1.188973069190979004e+00
1.198302268981933594e+00
1.220429420471191406e+00
1.175161957740783691e+00
1.183982729911804199e+00
1.203647375106811523e+00
1.183659911155700684e+00
1.179024577140808105e+00
1.165510058403015137e+00
1.177729845046997070e+00
1.159290671348571777e+00
1.160895586013793945e+00
1.168396234512329102e+00
1.165591239929199219e+00
1.163533210754394531e+00
1.153802156448364258e+00
1.141323208808898926e+00
1.149999976158142090e+00
1.124354362487792969e+00
1.163562417030334473e+00
1.113596081733703613e+00
1.112702608108520508e+00
1.122431516647338867e+00
1.095823168754577637e+00
1.095585823059082031e+00
1.126845240592956543e+00
1.121483564376831055e+00
1.104963779449462891e+00
1.098601698875427246e+00
1.112534284591674805e+00
1.112757682800292969e+00
1.097916007041931152e+00
1.135367035865783691e+00
1.099082827568054199e+00
1.113464593887329102e+00
1.112613201141357422e+00
1.098962306976318359e+00
1.098445415496826172e+00
1.053504109382629395e+00
1.079861164093017578e+00
1.061544179916381836e+00
1.063681483268737793e+00
1.101415276527404785e+00
1.099346280097961426e+00
1.048971056938171387e+00
1.059460878372192383e+00
1.088000416755676270e+00
1.055339217185974121e+00
1.073634505271911621e+00
1.056463479995727539e+00
1.054881453514099121e+00
1.075221538543701172e+00
1.050269246101379395e+00
1.071362733840942383e+00
1.043388009071350098e+00
1.035676956176757812e+00
1.032805562019348145e+00
1.045682072639465332e+00
1.046181559562683105e+00
1.038751125335693359e+00
1.036068439483642578e+00
1.020816802978515625e+00
1.046397924423217773e+00
1.042290925979614258e+00
1.020246982574462891e+00
1.013597488403320312e+00
1.023390889167785645e+00
1.007423639297485352e+00
1.026540756225585938e+00
1.043884158134460449e+00
1.013969898223876953e+00
1.019879460334777832e+00
1.023689270019531250e+00
1.011509418487548828e+00
1.033702254295349121e+00
1.045417547225952148e+00
1.026802062988281250e+00
1.008827924728393555e+00
9.917073845863342285e-01
1.038602828979492188e+00
9.911361932754516602e-01
1.010028123855590820e+00
1.014014482498168945e+00
1.007412433624267578e+00
1.000068426132202148e+00
1.031567811965942383e+00
9.772112369537353516e-01
9.644371271133422852e-01
1.002577424049377441e+00
1.012944459915161133e+00
9.918547272682189941e-01
9.911926388740539551e-01
9.940591454505920410e-01
9.964500665664672852e-01
9.969097971916198730e-01
1.000054478645324707e+00
9.765157103538513184e-01
9.990977644920349121e-01
9.986500740051269531e-01
9.813558459281921387e-01
9.902616143226623535e-01
9.815657734870910645e-01
9.644845128059387207e-01
9.792786836624145508e-01
9.768801927566528320e-01
9.950805902481079102e-01
9.993399977684020996e-01
1.015997529029846191e+00
9.809063673019409180e-01
9.931598305702209473e-01
9.704717397689819336e-01
9.814696311950683594e-01
9.789834022521972656e-01
9.911350011825561523e-01
1.002419352531433105e+00
9.659873843193054199e-01
1.001461744308471680e+00
9.520677924156188965e-01
9.743491411209106445e-01
9.742763042449951172e-01
1.004923462867736816e+00
9.699460864067077637e-01
9.837666153907775879e-01
9.613173604011535645e-01
9.574100971221923828e-01
9.733811020851135254e-01
9.953733086585998535e-01
9.922176003456115723e-01
9.838660359382629395e-01
9.741883277893066406e-01
1.004645109176635742e+00
9.733570814132690430e-01
9.766504764556884766e-01
9.669909477233886719e-01
9.646575450897216797e-01
9.878406524658203125e-01
9.625862836837768555e-01
9.811784029006958008e-01
9.624095559120178223e-01
9.703905582427978516e-01
9.521242976188659668e-01
9.630299210548400879e-01
9.828472733497619629e-01
9.518989324569702148e-01
9.890867471694946289e-01
9.726933240890502930e-01
9.743377566337585449e-01
9.919924736022949219e-01
9.420529603958129883e-01
9.732787609100341797e-01
9.889252781867980957e-01
9.882620573043823242e-01
1.002286076545715332e+00
9.686243534088134766e-01
9.514052867889404297e-01
9.810693264007568359e-01
9.841060638427734375e-01
9.472922682762145996e-01
9.660103321075439453e-01
9.990924000740051270e-01
9.934985041618347168e-01
9.816677570343017578e-01
9.808920025825500488e-01
9.759515523910522461e-01
9.689674377441406250e-01
9.738876223564147949e-01
9.764766693115234375e-01
9.997317790985107422e-01
9.640801548957824707e-01
9.887778162956237793e-01
9.628838300704956055e-01
9.560083746910095215e-01
9.800146222114562988e-01
9.735515117645263672e-01
9.707745909690856934e-01
9.974746108055114746e-01
9.945083856582641602e-01
9.916630983352661133e-01
9.934579730033874512e-01
1.010476112365722656e+00
9.921994805335998535e-01
1.012692332267761230e+00
9.943381547927856445e-01
1.012561440467834473e+00
9.684833884239196777e-01
9.661384224891662598e-01
1.001374602317810059e+00
9.962502717971801758e-01
1.011112689971923828e+00
9.675874710083007812e-01
1.019514799118041992e+00
9.830579757690429688e-01
9.896420240402221680e-01
9.998922348022460938e-01
1.013424038887023926e+00
9.980012178421020508e-01
9.974283576011657715e-01
1.016408205032348633e+00
9.933919310569763184e-01
1.001522064208984375e+00
1.010720491409301758e+00
1.026773810386657715e+00
1.019137263298034668e+00
1.018650293350219727e+00
1.029448747634887695e+00
1.013778090476989746e+00
9.794275760650634766e-01
1.030472517013549805e+00
1.048473715782165527e+00
1.003337621688842773e+00
1.034930706024169922e+00
1.019428730010986328e+00
1.004222750663757324e+00
1.026172637939453125e+00
1.026700377464294434e+00
1.023212552070617676e+00
9.995324611663818359e-01
1.025599718093872070e+00
1.027291178703308105e+00
1.031158447265625000e+00
1.030835866928100586e+00
1.039903640747070312e+00
1.036762118339538574e+00
1.024220943450927734e+00
1.045592665672302246e+00
1.041100025177001953e+00
1.063686251640319824e+00
1.024562716484069824e+00
1.046743512153625488e+00
1.055610537528991699e+00
1.032520532608032227e+00
1.041080951690673828e+00
1.051528811454772949e+00
1.062575459480285645e+00
1.062933921813964844e+00
1.070104837417602539e+00
1.040772914886474609e+00
1.060345411300659180e+00
1.081567883491516113e+00
1.076854825019836426e+00
1.073179841041564941e+00
4.046085178852081299e-01
4.144370257854461670e-01
4.027405381202697754e-01
4.086520969867706299e-01
4.189387261867523193e-01
4.174112379550933838e-01
3.736572265625000000e-01
3.826566040515899658e-01
4.110512137413024902e-01
3.880286514759063721e-01
3.928914368152618408e-01
3.788413405418395996e-01
3.628900051116943359e-01
3.303675651550292969e-01
3.412323296070098877e-01
3.680312335491180420e-01
3.831814527511596680e-01
3.544031083583831787e-01
3.535645604133605957e-01
3.380273580551147461e-01
3.531675636768341064e-01
3.222811520099639893e-01
3.558269143104553223e-01
3.321699202060699463e-01
3.400179743766784668e-01
2.977725863456726074e-01
3.143391311168670654e-01
3.256602585315704346e-01
3.277312815189361572e-01
3.099596500396728516e-01
3.293036818504333496e-01
3.314890563488006592e-01
3.146456480026245117e-01
3.048999607563018799e-01
3.192012310028076172e-01
2.884560823440551758e-01
3.259730041027069092e-01
2.970869541168212891e-01
3.318459689617156982e-01
3.070330619812011719e-01
2.997522950172424316e-01
3.070578873157501221e-01
3.165227770805358887e-01
2.820680737495422363e-01
3.073879778385162354e-01
2.902343571186065674e-01
3.088045418262481689e-01
2.850013971328735352e-01
3.090725243091583252e-01
2.928103208541870117e-01
3.091459572315216064e-01
3.048149347305297852e-01
2.929890751838684082e-01
2.641536891460418701e-01
2.806456685066223145e-01
2.551290392875671387e-01
2.753550410270690918e-01
2.724240720272064209e-01
2.735570669174194336e-01
2.953088283538818359e-01
2.651666402816772461e-01
2.707033753395080566e-01
2.679296135902404785e-01
2.637049853801727295e-01
2.665301561355590820e-01
2.716180086135864258e-01
2.705705463886260986e-01
2.520121932029724121e-01
2.600348889827728271e-01
2.290578335523605347e-01
2.717325389385223389e-01
2.173674851655960083e-01
2.547489404678344727e-01
2.389912009239196777e-01
2.438234388828277588e-01
2.347333878278732300e-01
2.428945600986480713e-01
2.480406910181045532e-01
2.370310872793197632e-01
2.549337148666381836e-01
2.526064813137054443e-01
