2.713436365127563477e+00
2.681335449218750000e+00
2.700824737548828125e+00
2.675943613052368164e+00
2.638015270233154297e+00
2.610599040985107422e+00
2.633959054946899414e+00
2.599040746688842773e+00
2.570127964019775391e+00
2.598777770996093750e+00
2.570108890533447266e+00
2.545125722885131836e+00
2.553361892700195312e+00
2.556056499481201172e+00
2.503421306610107422e+00
2.517138719558715820e+00
2.501744747161865234e+00
2.495720863342285156e+00
2.494873046875000000e+00
2.508153676986694336e+00
2.503430366516113281e+00
2.452960729598999023e+00
2.451920270919799805e+00
2.433161497116088867e+00
2.438551425933837891e+00
2.452211141586303711e+00
2.405740737915039062e+00
2.402004241943359375e+00
2.410794734954833984e+00
2.422452211380004883e+00
2.376687049865722656e+00
2.376079320907592773e+00
2.382753372192382812e+00
2.368762493133544922e+00
2.379225015640258789e+00
2.347248792648315430e+00
2.340528964996337891e+00
2.335877180099487305e+00
2.325582742691040039e+00
2.320081949234008789e+00
2.337288379669189453e+00
2.300978899002075195e+00
2.286956310272216797e+00
2.308351993560791016e+00
2.274026870727539062e+00
2.275530576705932617e+00
2.280268907546997070e+00
2.280993700027465820e+00
2.237944841384887695e+00
2.254645586013793945e+00
2.253304004669189453e+00
2.228540658950805664e+00
2.215800523757934570e+00
2.232180118560791016e+00
2.229428768157958984e+00
2.219521284103393555e+00
2.189473152160644531e+00
2.226029872894287109e+00
2.199172496795654297e+00
2.232623577117919922e+00
2.209242582321166992e+00
2.202391147613525391e+00
2.164652109146118164e+00
2.187747716903686523e+00
2.152456045150756836e+00
2.148118495941162109e+00
2.140194416046142578e+00
2.163725852966308594e+00
2.134973049163818359e+00
2.132802248001098633e+00
2.146852493286132812e+00
2.123140573501586914e+00
2.123708724975585938e+00
2.126675367355346680e+00
2.112804889678955078e+00
2.121917247772216797e+00
2.133485078811645508e+00
2.106209754943847656e+00
2.111514568328857422e+00
2.080893039703369141e+00
2.080964803695678711e+00
2.087390661239624023e+00
2.091071844100952148e+00
2.093862295150756836e+00
2.068416595458984375e+00
2.076664209365844727e+00
2.066884279251098633e+00
2.073381900787353516e+00
2.082288742065429688e+00
2.053571462631225586e+00
2.032563686370849609e+00
2.079059123992919922e+00
2.081073284149169922e+00
2.025012493133544922e+00
2.015850067138671875e+00
2.047561883926391602e+00
2.026233911514282227e+00
2.036584377288818359e+00
2.048364877700805664e+00
2.014423131942749023e+00
1.994025230407714844e+00
2.022132158279418945e+00
2.009727954864501953e+00
2.026062011718750000e+00
2.005756616592407227e+00
1.992910504341125488e+00
2.002712011337280273e+00
2.008543729782104492e+00
1.975522756576538086e+00
1.969564795494079590e+00
1.974239468574523926e+00
1.967993617057800293e+00
2.000565528869628906e+00
1.997391343116760254e+00
2.005632638931274414e+00
1.989818334579467773e+00
1.987328648567199707e+00
1.976712346076965332e+00
1.951488375663757324e+00
1.956510186195373535e+00
1.962668299674987793e+00
1.956789135932922363e+00
1.954851627349853516e+00
1.943094134330749512e+00
1.951712965965270996e+00
1.989501714706420898e+00
1.955179452896118164e+00
1.941216826438903809e+00
1.955803155899047852e+00
1.945708990097045898e+00
1.927447557449340820e+00
1.950706720352172852e+00
1.914971947669982910e+00
1.924919009208679199e+00
1.943606138229370117e+00
1.914887785911560059e+00
1.933989524841308594e+00
1.919734835624694824e+00
1.945533752441406250e+00
1.925364255905151367e+00
1.930269479751586914e+00
1.937600135803222656e+00
1.925179958343505859e+00
1.933263778686523438e+00
1.920795559883117676e+00
1.906061768531799316e+00
1.900149106979370117e+00
1.891292214393615723e+00
1.903836488723754883e+00
1.926373004913330078e+00
1.909667134284973145e+00
1.892259240150451660e+00
1.890470147132873535e+00
1.891983866691589355e+00
1.875294566154479980e+00
1.909411430358886719e+00
1.913144946098327637e+00
1.894898295402526855e+00
1.901965618133544922e+00
1.919438242912292480e+00
1.889500260353088379e+00
1.900219202041625977e+00
1.899469852447509766e+00
1.869920134544372559e+00
1.916328549385070801e+00
1.890392065048217773e+00
1.906881451606750488e+00
1.911617159843444824e+00
1.893306493759155273e+00
1.910562992095947266e+00
1.912691712379455566e+00
1.896274805068969727e+00
1.903160572052001953e+00
1.911084890365600586e+00
1.889482259750366211e+00
1.896335959434509277e+00
1.878018736839294434e+00
1.874496817588806152e+00
1.882547736167907715e+00
1.891093373298645020e+00
1.901699304580688477e+00
1.895294070243835449e+00
1.892954468727111816e+00
1.927065610885620117e+00
1.876255154609680176e+00
1.862403750419616699e+00
1.908914685249328613e+00
1.913973450660705566e+00
1.891607642173767090e+00
1.882561326026916504e+00
1.889449596405029297e+00
1.907090783119201660e+00
1.883246660232543945e+00
1.884164571762084961e+00
1.903792977333068848e+00
1.891394376754760742e+00
1.896364092826843262e+00
1.896247744560241699e+00
1.890018820762634277e+00
1.909778952598571777e+00
1.890385985374450684e+00
1.905622243881225586e+00
1.887255072593688965e+00
1.892550468444824219e+00
1.896584987640380859e+00
1.919445753097534180e+00
1.890110850334167480e+00
1.907832026481628418e+00
1.913849472999572754e+00
1.883337736129760742e+00
1.925405025482177734e+00
1.907766461372375488e+00
1.893418908119201660e+00
1.923973560333251953e+00
1.898285984992980957e+00
1.942427515983581543e+00
1.920277118682861328e+00
1.933985590934753418e+00
1.920677185058593750e+00
1.890899062156677246e+00
1.913149952888488770e+00
1.921159982681274414e+00
1.923183679580688477e+00
1.904660582542419434e+00
1.921655416488647461e+00
1.931174278259277344e+00
1.913892865180969238e+00
1.943811178207397461e+00
1.946765542030334473e+00
1.944256305694580078e+00
1.905177354812622070e+00
1.919082403182983398e+00
1.950475692749023438e+00
1.948392152786254883e+00
1.927057743072509766e+00
1.948293805122375488e+00
1.972599744796752930e+00
1.955396175384521484e+00
1.967289447784423828e+00
1.974134683609008789e+00
1.969412326812744141e+00
1.947617888450622559e+00
1.964073181152343750e+00
1.959641814231872559e+00
1.958344697952270508e+00
1.956516385078430176e+00
1.964500308036804199e+00
2.013540029525756836e+00
1.962417840957641602e+00
1.990641236305236816e+00
1.995070338249206543e+00
1.996826052665710449e+00
1.987242341041564941e+00
2.003538846969604492e+00
2.008849620819091797e+00
2.042878389358520508e+00
2.011998891830444336e+00
1.975547671318054199e+00
2.000614881515502930e+00
1.988162279129028320e+00
1.997019767761230469e+00
2.036752223968505859e+00
2.008085966110229492e+00
2.041847229003906250e+00
2.032371997833251953e+00
2.019062757492065430e+00
2.042492866516113281e+00
2.028396129608154297e+00
2.046375751495361328e+00
2.022957801818847656e+00
2.052537202835083008e+00
2.026470422744750977e+00
2.045869588851928711e+00
2.060289382934570312e+00
2.057785034179687500e+00
2.085676908493041992e+00
2.076529979705810547e+00
2.075562953948974609e+00
2.077796936035156250e+00
2.082653760910034180e+00
2.098214149475097656e+00
2.087889194488525391e+00
2.118315219879150391e+00
2.084262847900390625e+00
2.106877565383911133e+00
2.098654747009277344e+00
2.140348434448242188e+00
2.109660387039184570e+00
2.115620136260986328e+00
2.109985351562500000e+00
2.118560552597045898e+00
2.162513017654418945e+00
2.147558927536010742e+00
2.170323371887207031e+00
2.152304887771606445e+00
2.165041923522949219e+00
1.125983074307441711e-01
1.238450631499290466e-01
1.175442934036254883e-01
1.216453611850738525e-01
1.191816926002502441e-01
1.358578354120254517e-01
9.542784094810485840e-02
1.132346987724304199e-01
1.281964629888534546e-01
1.069056913256645203e-01
8.963436633348464966e-02
1.232315078377723694e-01
1.042333841323852539e-01
9.777576476335525513e-02
1.021204069256782532e-01
7.884690165519714355e-02
1.050798743963241577e-01
1.118079349398612976e-01
9.248554706573486328e-02
9.112713485956192017e-02
9.449817240238189697e-02
9.491652995347976685e-02
1.065792515873908997e-01
9.381325542926788330e-02
6.760288774967193604e-02
8.397305756807327271e-02
1.015851497650146484e-01
8.387765288352966309e-02
8.836865425109863281e-02
8.589143306016921997e-02
7.188974320888519287e-02
4.768383130431175232e-02
8.531781286001205444e-02
7.576654851436614990e-02
9.142598509788513184e-02
7.792067527770996094e-02
1.023267209529876709e-01
9.683649986982345581e-02
8.527938276529312134e-02
8.338356018066406250e-02
7.672678679227828979e-02
7.339696586132049561e-02
8.696789294481277466e-02
9.938001632690429688e-02
7.758469134569168091e-02
8.802522718906402588e-02
8.435573428869247437e-02
9.533102065324783325e-02
6.894736737012863159e-02
8.741111308336257935e-02
9.344871342182159424e-02
4.930834472179412842e-02
5.852930620312690735e-02
8.205011487007141113e-02
4.577691107988357544e-02
8.849110454320907593e-02
8.909863233566284180e-02
8.587712049484252930e-02
6.705621629953384399e-02
8.904156833887100220e-02
6.514541059732437134e-02
8.608512580394744873e-02
9.029803425073623657e-02
7.965715974569320679e-02
9.101632237434387207e-02
9.867642074823379517e-02
7.338122278451919556e-02
6.443956494331359863e-02
8.598263561725616455e-02
8.210192620754241943e-02
7.602602243423461914e-02
7.380561530590057373e-02
8.219496905803680420e-02
1.064274311065673828e-01
7.861755788326263428e-02
5.833306908607482910e-02
5.868320539593696594e-02
6.250309944152832031e-02
5.613723769783973694e-02
9.267678111791610718e-02
5.343363061547279358e-02
9.189965575933456421e-02
9.839881211519241333e-02
7.452753186225891113e-02
8.413475006818771362e-02
1.017365679144859314e-01
5.923333019018173218e-02
9.333357214927673340e-02
4.935225471854209900e-02
6.527456641197204590e-02
6.109487637877464294e-02
1.060471162199974060e-01
6.164333596825599670e-02
5.355392396450042725e-02
7.957934588193893433e-02
3.782002627849578857e-02
7.103841006755828857e-02
7.086275517940521240e-02
8.019590377807617188e-02
8.427463471889495850e-02
5.418530479073524475e-02
7.173405587673187256e-02
7.302507013082504272e-02
6.999446451663970947e-02
8.476589620113372803e-02
5.358188226819038391e-02
8.101063966751098633e-02
2.191610448062419891e-02
8.855988830327987671e-02
6.208278611302375793e-02
6.334799528121948242e-02
3.816999122500419617e-02
5.053819715976715088e-02
5.965935811400413513e-02
7.886195927858352661e-02
7.680391520261764526e-02
6.435152143239974976e-02
9.301987290382385254e-02
6.328639388084411621e-02
7.178556919097900391e-02
7.420283555984497070e-02
6.482028216123580933e-02
6.344761699438095093e-02
6.261683255434036255e-02
5.321825295686721802e-02
6.583313643932342529e-02
6.762322038412094116e-02
5.258769914507865906e-02
4.882396012544631958e-02
4.589699953794479370e-02
6.660876423120498657e-02
6.747399270534515381e-02
4.923190549015998840e-02
7.597801834344863892e-02
6.674521416425704956e-02
5.576055124402046204e-02
5.914331600069999695e-02
4.327721148729324341e-02
5.653126910328865051e-02
5.105289816856384277e-02
8.362103998661041260e-02
5.276513844728469849e-02
8.104939013719558716e-02
3.427236154675483704e-02
5.320026353001594543e-02
6.972957402467727661e-02
4.921921715140342712e-02
5.547292903065681458e-02
8.571994304656982422e-02
5.446610227227210999e-02
7.958762347698211670e-02
4.695956408977508545e-02
5.089380219578742981e-02
6.022780016064643860e-02
6.252838671207427979e-02
4.556263238191604614e-02
7.458197325468063354e-02
6.712514907121658325e-02
5.818744003772735596e-02
5.589877814054489136e-02
9.062803536653518677e-02
6.536774337291717529e-02
3.751919791102409363e-02
3.872229903936386108e-02
3.286781907081604004e-02
5.369120091199874878e-02
5.710477754473686218e-02
4.162029922008514404e-02
5.867117643356323242e-02
6.933292746543884277e-02
5.930216982960700989e-02
4.180394113063812256e-02
4.451088607311248779e-02
6.085019186139106750e-02
5.557150021195411682e-02
6.003038585186004639e-02
6.898791342973709106e-02
7.191570848226547241e-02
6.584160029888153076e-02
4.452569782733917236e-02
3.548977524042129517e-02
7.437494397163391113e-02
5.305793508887290955e-02
3.512391448020935059e-02
5.521365627646446228e-02
5.382090806961059570e-02
3.213819116353988647e-02
4.337943345308303833e-02
6.035914272069931030e-02
5.180182680487632751e-02
5.745478719472885132e-02
5.182703211903572083e-02
5.093948543071746826e-02
3.948716819286346436e-02
8.049239218235015869e-02
3.853726759552955627e-02
6.705874204635620117e-02
7.089500129222869873e-02
3.250821307301521301e-02
5.631455034017562866e-02
6.381763517856597900e-02
5.544877797365188599e-02
5.569450557231903076e-02
3.920496627688407898e-02
3.998829051852226257e-02
4.009873047471046448e-02
4.506186768412590027e-02
5.976181849837303162e-02
6.178703531622886658e-02
6.351210176944732666e-02
4.846720397472381592e-02
6.331536918878555298e-02
5.646740645170211792e-02
5.974211916327476501e-02
5.265537649393081665e-02
3.807928040623664856e-02
3.894207999110221863e-02
4.056743532419204712e-02
5.326764285564422607e-02
8.667934685945510864e-02
5.420740693807601929e-02
6.868843734264373779e-02
2.643772959709167480e-02
8.886579424142837524e-02
6.641294807195663452e-02
4.349196702241897583e-02
3.587963432073593140e-02
4.641190916299819946e-02
3.978071361780166626e-02
4.738830029964447021e-02
6.717086583375930786e-02
3.430660814046859741e-02
5.346190184354782104e-02
5.638748779892921448e-02
5.846853554248809814e-02
3.520521149039268494e-02
5.500597506761550903e-02
6.765544414520263672e-02
7.013462483882904053e-02
7.120895385742187500e-02
5.019135400652885437e-02
7.325845956802368164e-02
6.870612502098083496e-02
4.189604893326759338e-02
6.231981515884399414e-02
3.817196190357208252e-02
7.890364527702331543e-02
7.096376270055770874e-02
4.239127412438392639e-02
5.410565808415412903e-02
7.006174325942993164e-02
5.552161857485771179e-02
4.275440424680709839e-02
6.559701263904571533e-02
3.727860376238822937e-02
3.868716582655906677e-02
3.931143134832382202e-02
9.269780665636062622e-02
5.685506761074066162e-02
4.408271238207817078e-02
3.760979697108268738e-02
3.816309943795204163e-02
6.198950484395027161e-02
4.147567227482795715e-02
5.248499661684036255e-02
6.076350808143615723e-02
6.296882778406143188e-02
6.130944937467575073e-02
6.469390541315078735e-02
2.421602979302406311e-02
7.138495147228240967e-02
7.423903793096542358e-02
5.638341233134269714e-02
4.600094258785247803e-02
4.560727253556251526e-02
6.317940354347229004e-02
1.236230973154306412e-02
6.495653837919235229e-02
4.816162958741188049e-02
6.134793534874916077e-02
6.756034493446350098e-02
6.362864375114440918e-02
5.917280912399291992e-02
4.292137920856475830e-02
6.918676942586898804e-02
6.593373417854309082e-02
5.702703073620796204e-02
8.145189285278320312e-02
5.372458323836326599e-02
7.951322942972183228e-02
3.814088553190231323e-02
6.458959728479385376e-02
6.900817900896072388e-02
6.859203428030014038e-02
4.989511147141456604e-02
4.517782106995582581e-02
8.445851504802703857e-02
4.492592439055442810e-02
6.690999120473861694e-02
5.784276127815246582e-02
4.324605688452720642e-02
5.822719261050224304e-02
5.655804648995399475e-02
8.177990466356277466e-02
6.045452877879142761e-02
5.088354647159576416e-02
5.106990784406661987e-02
4.226131737232208252e-02
6.495802849531173706e-02
4.331994056701660156e-02
6.896857917308807373e-02
7.869504392147064209e-02
7.291936129331588745e-02
5.453130975365638733e-02
3.809903934597969055e-02
7.486508041620254517e-02
7.822554558515548706e-02
4.011575877666473389e-02
6.001518294215202332e-02
7.302237302064895630e-02
7.427030056715011597e-02
3.224610909819602966e-02
6.327751278877258301e-02
7.961349189281463623e-02
8.750098198652267456e-02
4.209838062524795532e-02
1.021069735288619995e-01
4.798093438148498535e-02
4.543062672019004822e-02
6.905198842287063599e-02
6.764832884073257446e-02
6.695258617401123047e-02
5.299318209290504456e-02
8.583359420299530029e-02
5.727510526776313782e-02
4.637308791279792786e-02
3.520334511995315552e-02
7.385208457708358765e-02
3.797280788421630859e-02
5.508203059434890747e-02
5.461463704705238342e-02
6.365682184696197510e-02
6.811462342739105225e-02
4.228756576776504517e-02
6.935291737318038940e-02
7.005523145198822021e-02
5.678616464138031006e-02
5.142904445528984070e-02
6.009796634316444397e-02
3.802781552076339722e-02
7.774735987186431885e-02
7.065170258283615112e-02
5.588179454207420349e-02
6.770936399698257446e-02
5.745203047990798950e-02
4.993865638971328735e-02
7.659991830587387085e-02
5.229440703988075256e-02
5.555827170610427856e-02
4.928322508931159973e-02
8.456864207983016968e-02
7.801926136016845703e-02
6.290035694837570190e-02
5.445138737559318542e-02
7.435002923011779785e-02
5.922021716833114624e-02
4.956071078777313232e-02
6.804839521646499634e-02
5.057849362492561340e-02
4.441411048173904419e-02
5.781489983201026917e-02
4.888775199651718140e-02
5.305196717381477356e-02
5.162766948342323303e-02
5.442845076322555542e-02
6.919760257005691528e-02
4.800551012158393860e-02
6.621916592121124268e-02
6.448078155517578125e-02
8.932661265134811401e-02
5.391737073659896851e-02
8.558607846498489380e-02
4.101091623306274414e-02
6.751818209886550903e-02
6.233518943190574646e-02
7.341983914375305176e-02
9.444240480661392212e-02
9.340149909257888794e-02
6.037644669413566589e-02
4.484365880489349365e-02
7.556608319282531738e-02
6.196836009621620178e-02
9.346866607666015625e-02
9.743241220712661743e-02
6.785897165536880493e-02
7.955563813447952271e-02
8.572065830230712891e-02
7.287114858627319336e-02
8.912781625986099243e-02
6.925679743289947510e-02
4.949162527918815613e-02
7.817146927118301392e-02
6.384713947772979736e-02
5.866806954145431519e-02
6.951232254505157471e-02
7.000323385000228882e-02
7.145939767360687256e-02
7.949557155370712280e-02
6.601162999868392944e-02
7.487078011035919189e-02
8.754714578390121460e-02
7.104364782571792603e-02
6.906160712242126465e-02
6.758128851652145386e-02
6.325250118970870972e-02
6.779155135154724121e-02
7.857333123683929443e-02
8.004159480333328247e-02
5.332807451486587524e-02
9.338356554508209229e-02
7.014015316963195801e-02
1.066980436444282532e-01
9.729915857315063477e-02
6.987726688385009766e-02
6.393949687480926514e-02
8.015676587820053101e-02
5.462506413459777832e-02
5.356138944625854492e-02
7.874953746795654297e-02
7.161292433738708496e-02
7.550750672817230225e-02
6.163778156042098999e-02
7.459417730569839478e-02
6.368764489889144897e-02
7.387174665927886963e-02
9.415765851736068726e-02
8.107817918062210083e-02
8.644255995750427246e-02
8.657239377498626709e-02
8.565699309110641479e-02
5.315672978758811951e-02
9.334608912467956543e-02
8.619544655084609985e-02
7.559911161661148071e-02
6.714408099651336670e-02
9.154600650072097778e-02
5.835954472422599792e-02
7.239963114261627197e-02
9.650279581546783447e-02
1.166891902685165405e-01
6.689704954624176025e-02
9.891515970230102539e-02
1.121660992503166199e-01
5.932355672121047974e-02
6.911948323249816895e-02
8.951874822378158569e-02
9.538283944129943848e-02
7.254367321729660034e-02
9.794979542493820190e-02
9.207250177860260010e-02
9.585909545421600342e-02
8.460512012243270874e-02
7.578428834676742554e-02
1.165554970502853394e-01
8.017709851264953613e-02
1.113903596997261047e-01
1.013405174016952515e-01
1.152918562293052673e-01
8.518093079328536987e-02
1.056073755025863647e-01
1.166056916117668152e-01
7.172009348869323730e-02
9.515471011400222778e-02
9.021443873643875122e-02
6.059566140174865723e-02
1.155402436852455139e-01
1.242917552590370178e-01
9.688834846019744873e-02
9.396485239267349243e-02
1.154981106519699097e-01
9.306050091981887817e-02
1.385566890239715576e-01
1.427997201681137085e-01
1.202601566910743713e-01
1.372982859611511230e-01
8.797457814216613770e-02
1.329566538333892822e-01
1.130592375993728638e-01
1.024805828928947449e-01
1.345449537038803101e-01
7.895967364311218262e-01
7.961364388465881348e-01
8.002315163612365723e-01
8.052121400833129883e-01
7.689272761344909668e-01
7.972111105918884277e-01
7.946543693542480469e-01
7.944729328155517578e-01
7.486182451248168945e-01
7.540428638458251953e-01
7.710976004600524902e-01
7.845155000686645508e-01
7.602449059486389160e-01
7.640920877456665039e-01
7.933501005172729492e-01
7.650550007820129395e-01
7.416645288467407227e-01
7.657431364059448242e-01
7.702934741973876953e-01
7.762860655784606934e-01
7.525781989097595215e-01
7.572652697563171387e-01
7.442952394485473633e-01
7.618613243103027344e-01
7.410864233970642090e-01
7.635733485221862793e-01
7.555270195007324219e-01
7.347033023834228516e-01
7.500413656234741211e-01
7.561085224151611328e-01
7.482742071151733398e-01
7.479108572006225586e-01
7.449546456336975098e-01
7.419471740722656250e-01
7.479301691055297852e-01
7.427409887313842773e-01
7.238484621047973633e-01
7.444082498550415039e-01
7.393169403076171875e-01
7.445643544197082520e-01
7.543751597404479980e-01
7.541173100471496582e-01
6.874463558197021484e-01
7.287939786911010742e-01
7.582523822784423828e-01
7.289514541625976562e-01
7.069475650787353516e-01
7.150817513465881348e-01
7.497774362564086914e-01
7.137161493301391602e-01
7.257965803146362305e-01
7.420691251754760742e-01
7.425915002822875977e-01
7.137286067008972168e-01
7.441639900207519531e-01
6.904515624046325684e-01
7.153588533401489258e-01
7.248538732528686523e-01
7.261887788772583008e-01
7.079216241836547852e-01
7.234829068183898926e-01
7.189945578575134277e-01
7.030119895935058594e-01
7.347365021705627441e-01
6.850583553314208984e-01
7.225546240806579590e-01
7.349634170532226562e-01
7.111300230026245117e-01
7.273136973381042480e-01
7.245923876762390137e-01
7.147151231765747070e-01
6.967499256134033203e-01
7.037819623947143555e-01
6.915724873542785645e-01
7.160852551460266113e-01
7.308155894279479980e-01
7.138938903808593750e-01
6.906955242156982422e-01
7.142495512962341309e-01
7.218470573425292969e-01
7.013843059539794922e-01
7.071635127067565918e-01
7.131680250167846680e-01
7.252557873725891113e-01
7.043544650077819824e-01
6.825786828994750977e-01
6.688951253890991211e-01
7.100288867950439453e-01
7.156717777252197266e-01
7.021924257278442383e-01
7.222752571105957031e-01
6.820492744445800781e-01
6.884765028953552246e-01
7.035896778106689453e-01
7.136341333389282227e-01
6.765369772911071777e-01
6.825051307678222656e-01
6.916982531547546387e-01
6.921406388282775879e-01
6.746938228607177734e-01
7.067151665687561035e-01
7.184545993804931641e-01
6.962418556213378906e-01
6.944936513900756836e-01
6.955285072326660156e-01
6.796171665191650391e-01
6.836832761764526367e-01
6.730683445930480957e-01
6.894668340682983398e-01
6.971945166587829590e-01
6.860706806182861328e-01
7.057800889015197754e-01
6.941670775413513184e-01
7.080677747726440430e-01
6.977660059928894043e-01
6.929338574409484863e-01
7.168462872505187988e-01
6.865279078483581543e-01
7.207759618759155273e-01
6.771172285079956055e-01
7.029051780700683594e-01
6.850863695144653320e-01
6.856248378753662109e-01
7.063120603561401367e-01
7.150791287422180176e-01
6.855669021606445312e-01
6.824801564216613770e-01
7.054494619369506836e-01
7.052609920501708984e-01
7.084732055664062500e-01
7.021816372871398926e-01
7.091078758239746094e-01
6.874408721923828125e-01
6.955341696739196777e-01
7.048121690750122070e-01
6.851371526718139648e-01
6.832790970802307129e-01
6.882886886596679688e-01
7.028098702430725098e-01
6.820981502532958984e-01
6.971829533576965332e-01
6.712700128555297852e-01
7.064998745918273926e-01
6.979872584342956543e-01
7.081680893898010254e-01
6.994892358779907227e-01
6.796652078628540039e-01
6.839554309844970703e-01
7.052532434463500977e-01
6.919010877609252930e-01
7.391131520271301270e-01
7.027286887168884277e-01
6.983680129051208496e-01
7.003685235977172852e-01
7.038370966911315918e-01
7.006203532218933105e-01
7.134091258049011230e-01
7.043434381484985352e-01
7.315382361412048340e-01
7.281566858291625977e-01
7.246915698051452637e-01
7.021615505218505859e-01
7.055677175521850586e-01
6.911950707435607910e-01
6.828163266181945801e-01
7.224134206771850586e-01
6.858093738555908203e-01
7.182113528251647949e-01
7.259014248847961426e-01
7.439852952957153320e-01
7.244301438331604004e-01
7.550269365310668945e-01
7.030447721481323242e-01
7.312625050544738770e-01
7.253637909889221191e-01
7.248997688293457031e-01
7.255135178565979004e-01
7.432242631912231445e-01
7.361316084861755371e-01
7.236292958259582520e-01
7.269439697265625000e-01
7.249022722244262695e-01
7.437347769737243652e-01
7.353621721267700195e-01
7.357320189476013184e-01
7.181736826896667480e-01
7.345012426376342773e-01
7.286434769630432129e-01
7.201749682426452637e-01
7.318762540817260742e-01
7.313138842582702637e-01
7.071893215179443359e-01
7.347185611724853516e-01
7.472938299179077148e-01
7.371409535408020020e-01
7.223897576332092285e-01
7.305255532264709473e-01
7.516930699348449707e-01
7.134678959846496582e-01
7.307316064834594727e-01
7.466465234756469727e-01
7.708805203437805176e-01
7.552396655082702637e-01
7.447980642318725586e-01
7.781088948249816895e-01
7.450456619262695312e-01
7.774084806442260742e-01
7.528645396232604980e-01
7.482705116271972656e-01
7.550100088119506836e-01
7.503867149353027344e-01
7.507593631744384766e-01
7.653076052665710449e-01
7.659217119216918945e-01
7.678977847099304199e-01
7.821969389915466309e-01
7.580569982528686523e-01
7.690564990043640137e-01
7.916463613510131836e-01
7.919846773147583008e-01
7.872326374053955078e-01
7.822315096855163574e-01
7.785875797271728516e-01
7.929208874702453613e-01
7.842768430709838867e-01
8.165258765220642090e-01
7.811456322669982910e-01
7.941713333129882812e-01
7.960060834884643555e-01
7.864572405815124512e-01
8.129629492759704590e-01
8.187584280967712402e-01
8.066773414611816406e-01
7.970441579818725586e-01
8.047688007354736328e-01
7.941760420799255371e-01
8.153358697891235352e-01
8.249115943908691406e-01
8.295107483863830566e-01
7.978714704513549805e-01
8.241919279098510742e-01
8.234992623329162598e-01
8.048509955406188965e-01
8.336804509162902832e-01
8.090638518333435059e-01
8.098666667938232422e-01
8.092163205146789551e-01
8.391433358192443848e-01
8.468364477157592773e-01
8.286534547805786133e-01
8.268378973007202148e-01
8.720183968544006348e-01
8.468143343925476074e-01
8.554680347442626953e-01
8.521559834480285645e-01
8.461852669715881348e-01
8.570249080657958984e-01
8.545170426368713379e-01
8.491743206977844238e-01
8.926329612731933594e-01
8.791419267654418945e-01
8.700625896453857422e-01
8.890624046325683594e-01
8.618181347846984863e-01
8.913788795471191406e-01
8.839181661605834961e-01
8.987140655517578125e-01
8.884702324867248535e-01
8.655564785003662109e-01
8.875394463539123535e-01
8.844432234764099121e-01
9.004533886909484863e-01
9.154306054115295410e-01
8.758015632629394531e-01
9.215827584266662598e-01
8.966283202171325684e-01
9.099122881889343262e-01
9.582841992378234863e-01
9.429084658622741699e-01
9.090550541877746582e-01
9.165006279945373535e-01
9.335509538650512695e-01
9.559842348098754883e-01
9.574894309043884277e-01
9.876894950866699219e-01
9.549714326858520508e-01
9.609654545783996582e-01
9.468779563903808594e-01
9.661694169044494629e-01
9.561777114868164062e-01
9.611509442329406738e-01
9.823441505432128906e-01
9.951171875000000000e-01
1.010860681533813477e+00
9.777069091796875000e-01
