8.420719765126705170e-03
2.457680739462375641e-02
2.576019056141376495e-02
2.602868899703025818e-02
2.674882672727108002e-02
2.844291180372238159e-02
2.869956754148006439e-02
2.904208377003669739e-02
3.004130162298679352e-02
3.012441843748092651e-02
3.024589829146862030e-02
3.052764013409614563e-02
3.079253621399402618e-02
3.116034530103206635e-02
3.162619844079017639e-02
3.213336691260337830e-02
3.331160172820091248e-02
3.386336192488670349e-02
3.392031788825988770e-02
3.453531116247177124e-02
3.456834703683853149e-02
3.467326611280441284e-02
3.553638234734535217e-02
3.572576493024826050e-02
3.576386719942092896e-02
3.576939925551414490e-02
3.588837385177612305e-02
3.625761717557907104e-02
3.628403693437576294e-02
3.644189983606338501e-02
3.702500835061073303e-02
3.712271526455879211e-02
3.723491355776786804e-02
3.726110234856605530e-02
3.753004223108291626e-02
3.771510347723960876e-02
3.775157034397125244e-02
3.808576241135597229e-02
3.955882415175437927e-02
3.976686671376228333e-02
3.976688534021377563e-02
3.987406566739082336e-02
4.193877056241035461e-02
4.199654608964920044e-02
4.212018847465515137e-02
4.253089055418968201e-02
4.278961196541786194e-02
4.283909872174263000e-02
4.303533211350440979e-02
4.339411109685897827e-02
4.377511516213417053e-02
4.387563839554786682e-02
4.423044994473457336e-02
4.446830973029136658e-02
4.483978822827339172e-02
4.491459950804710388e-02
4.528959095478057861e-02
4.551920667290687561e-02
4.557219892740249634e-02
4.574438557028770447e-02
4.576415568590164185e-02
4.583873599767684937e-02
4.586325213313102722e-02
4.599342495203018188e-02
4.602184519171714783e-02
4.631501808762550354e-02
4.637474566698074341e-02
4.639800265431404114e-02
4.658813029527664185e-02
4.690350964665412903e-02
4.698747396469116211e-02
4.748506844043731689e-02
4.778255149722099304e-02
4.798440635204315186e-02
4.814752191305160522e-02
4.820916056632995605e-02
4.870773106813430786e-02
4.874418303370475769e-02
4.874627664685249329e-02
4.877969250082969666e-02
4.925720021128654480e-02
4.959151148796081543e-02
5.007595941424369812e-02
5.008888244628906250e-02
5.023351684212684631e-02
5.079697445034980774e-02
5.126622691750526428e-02
5.145414173603057861e-02
5.156246945261955261e-02
5.160210654139518738e-02
5.163133144378662109e-02
5.183322355151176453e-02
5.214193463325500488e-02
5.223718658089637756e-02
5.237182974815368652e-02
5.295212566852569580e-02
5.301900580525398254e-02
5.310916528105735779e-02
5.334664136171340942e-02
5.349073186516761780e-02
5.363574624061584473e-02
5.373089388012886047e-02
5.383306369185447693e-02
5.402274429798126221e-02
5.409284681081771851e-02
5.419578030705451965e-02
5.430926010012626648e-02
5.442166700959205627e-02
5.450517311692237854e-02
5.451566725969314575e-02
5.467844754457473755e-02
5.470227450132369995e-02
5.470593273639678955e-02
5.475546419620513916e-02
5.481598526239395142e-02
5.487226694822311401e-02
5.525549128651618958e-02
5.536316335201263428e-02
5.544599518179893494e-02
5.552446469664573669e-02
5.597808584570884705e-02
5.602296814322471619e-02
5.627228319644927979e-02
5.645691975951194763e-02
5.664632469415664673e-02
5.670275166630744934e-02
5.680290237069129944e-02
5.685077607631683350e-02
5.689100548624992371e-02
5.689274147152900696e-02
5.696406587958335876e-02
5.702960491180419922e-02
5.705560743808746338e-02
5.715366452932357788e-02
5.717779695987701416e-02
5.729214847087860107e-02
5.740095674991607666e-02
5.749373883008956909e-02
5.754295736551284790e-02
5.755461007356643677e-02
5.758325010538101196e-02
5.759280174970626831e-02
5.769393220543861389e-02
5.770378932356834412e-02
5.778152495622634888e-02
5.779230967164039612e-02
5.796637386083602905e-02
5.827875062823295593e-02
5.831053480505943298e-02
5.844726786017417908e-02
5.854890123009681702e-02
5.857878550887107849e-02
5.860981717705726624e-02
5.863581225275993347e-02
5.868357419967651367e-02
5.887683853507041931e-02
5.896159633994102478e-02
5.910127609968185425e-02
5.915336310863494873e-02
5.920600146055221558e-02
5.958044901490211487e-02
6.002284213900566101e-02
6.004926189780235291e-02
6.019349768757820129e-02
6.027056649327278137e-02
6.036528572440147400e-02
6.047407165169715881e-02
6.070218235254287720e-02
6.088059395551681519e-02
6.095752120018005371e-02
6.103776022791862488e-02
6.105671823024749756e-02
6.108618900179862976e-02
6.111780554056167603e-02
6.116238981485366821e-02
6.118942797183990479e-02
6.144502758979797363e-02
6.149427592754364014e-02
6.170185655355453491e-02
6.173475086688995361e-02
6.183294579386711121e-02
6.184614822268486023e-02
6.191322207450866699e-02
6.216642260551452637e-02
6.227179989218711853e-02
6.237689405679702759e-02
6.239161267876625061e-02
6.252566725015640259e-02
6.271580606698989868e-02
6.274756789207458496e-02
6.276353448629379272e-02
6.281733512878417969e-02
6.287602335214614868e-02
6.305155903100967407e-02
6.310348212718963623e-02
6.315883994102478027e-02
6.316207349300384521e-02
6.331886351108551025e-02
6.370183825492858887e-02
6.385673582553863525e-02
6.386101245880126953e-02
6.389447301626205444e-02
6.415628641843795776e-02
6.426458805799484253e-02
6.433208286762237549e-02
6.441803276538848877e-02
6.454501301050186157e-02
6.461375206708908081e-02
6.471601128578186035e-02
6.473918259143829346e-02
6.487240642309188843e-02
6.489610671997070312e-02
6.494724750518798828e-02
6.498782336711883545e-02
6.505210697650909424e-02
6.509108841419219971e-02
6.533147394657135010e-02
6.545002758502960205e-02
6.545045971870422363e-02
6.553871184587478638e-02
6.571602821350097656e-02
6.583353877067565918e-02
6.590560823678970337e-02
6.593901664018630981e-02
6.594210863113403320e-02
6.599829345941543579e-02
6.605431437492370605e-02
6.607413291931152344e-02
6.613624840974807739e-02
6.616634875535964966e-02
6.617758423089981079e-02
6.626194715499877930e-02
6.631483882665634155e-02
6.631659716367721558e-02
6.656143069267272949e-02
6.662154942750930786e-02
6.662622839212417603e-02
6.663308292627334595e-02
6.663857400417327881e-02
6.664294749498367310e-02
6.685159355401992798e-02
6.690771132707595825e-02
6.690787523984909058e-02
6.693989783525466919e-02
6.697753816843032837e-02
6.698810309171676636e-02
6.710018962621688843e-02
6.711510568857192993e-02
6.726462393999099731e-02
6.730683147907257080e-02
6.770192086696624756e-02
6.771041452884674072e-02
6.784519553184509277e-02
6.786172837018966675e-02
6.797832995653152466e-02
6.800624728202819824e-02
6.801517307758331299e-02
6.817591190338134766e-02
6.826785206794738770e-02
6.828889250755310059e-02
6.851160526275634766e-02
6.867684423923492432e-02
6.876645237207412720e-02
6.884679198265075684e-02
6.892794370651245117e-02
6.903812289237976074e-02
6.904722005128860474e-02
6.909836828708648682e-02
6.917317956686019897e-02
6.922366470098495483e-02
6.923180818557739258e-02
6.925969570875167847e-02
6.942027807235717773e-02
6.942323595285415649e-02
6.959683448076248169e-02
6.976081430912017822e-02
6.993266940116882324e-02
7.005109637975692749e-02
7.015227526426315308e-02
7.015240937471389771e-02
7.027985155582427979e-02
7.050634175539016724e-02
7.067734748125076294e-02
7.104881852865219116e-02
7.107264548540115356e-02
7.111255824565887451e-02
7.118793576955795288e-02
7.124087214469909668e-02
7.126758992671966553e-02
7.128836959600448608e-02
7.156009972095489502e-02
7.180701196193695068e-02
7.202305644750595093e-02
7.208431512117385864e-02
7.220854610204696655e-02
7.222218811511993408e-02
7.223124057054519653e-02
7.230552285909652710e-02
7.247888296842575073e-02
7.264515012502670288e-02
7.292257994413375854e-02
7.302857190370559692e-02
7.320373505353927612e-02
7.325866818428039551e-02
7.341966032981872559e-02
7.369514554738998413e-02
7.380285114049911499e-02
7.387941330671310425e-02
7.392147183418273926e-02
7.413724809885025024e-02
7.417147606611251831e-02
7.418661564588546753e-02
7.428891956806182861e-02
7.451294362545013428e-02
7.451327890157699585e-02
7.459167391061782837e-02
7.461803406476974487e-02
7.479061186313629150e-02
7.492212951183319092e-02
7.497110962867736816e-02
7.504439353942871094e-02
7.509880512952804565e-02
7.511507719755172729e-02
7.534027099609375000e-02
7.542903721332550049e-02
7.547438144683837891e-02
7.590757310390472412e-02
7.591011375188827515e-02
7.635851949453353882e-02
7.637406885623931885e-02
7.638961076736450195e-02
7.640134543180465698e-02
7.654387503862380981e-02
7.661619037389755249e-02
7.669497281312942505e-02
7.669552415609359741e-02
7.684625685214996338e-02
7.707767188549041748e-02
7.737593352794647217e-02
7.739854604005813599e-02
7.753786444664001465e-02
7.787935435771942139e-02
7.816921174526214600e-02
7.829640060663223267e-02
7.834254950284957886e-02
7.835154235363006592e-02
7.840514928102493286e-02
7.873670011758804321e-02
7.878492027521133423e-02
7.880104333162307739e-02
7.955019176006317139e-02
7.959886640310287476e-02
7.991056144237518311e-02
7.997237890958786011e-02
8.018469810485839844e-02
8.070632815361022949e-02
8.090125024318695068e-02
8.111043274402618408e-02
8.120245486497879028e-02
8.122154325246810913e-02
8.178444206714630127e-02
8.182910084724426270e-02
8.196516335010528564e-02
8.213449269533157349e-02
8.246839791536331177e-02
8.252011984586715698e-02
8.317092061042785645e-02
8.346680551767349243e-02
8.392941206693649292e-02
8.399394899606704712e-02
8.406166732311248779e-02
8.432148396968841553e-02
8.432525396347045898e-02
8.439660817384719849e-02
8.464659750461578369e-02
8.467298746109008789e-02
8.474243432283401489e-02
8.533574640750885010e-02
8.589389175176620483e-02
8.606191724538803101e-02
8.626542985439300537e-02
8.642039448022842407e-02
8.663884550333023071e-02
8.666937798261642456e-02
8.671819418668746948e-02
8.689777553081512451e-02
8.698609471321105957e-02
8.730165660381317139e-02
8.747500926256179810e-02
8.768130093812942505e-02
8.795237541198730469e-02
8.819787949323654175e-02
8.869774639606475830e-02
8.908758312463760376e-02
8.917605876922607422e-02
8.921147137880325317e-02
8.921876549720764160e-02
8.931059390306472778e-02
8.950959146022796631e-02
8.988683670759201050e-02
8.999951183795928955e-02
9.022907167673110962e-02
9.039168059825897217e-02
9.111880511045455933e-02
9.117183834314346313e-02
9.123731404542922974e-02
9.129855781793594360e-02
9.153446555137634277e-02
9.173031896352767944e-02
9.195537865161895752e-02
9.209702163934707642e-02
9.272956103086471558e-02
9.303259104490280151e-02
9.346028417348861694e-02
9.348225593566894531e-02
9.352765232324600220e-02
9.384774416685104370e-02
9.402129054069519043e-02
9.403563290834426880e-02
9.403730183839797974e-02
9.431859105825424194e-02
9.444867819547653198e-02
9.461145102977752686e-02
9.471677988767623901e-02
9.542183578014373779e-02
9.549637883901596069e-02
9.597413986921310425e-02
9.618567675352096558e-02
9.667775779962539673e-02
9.744016081094741821e-02
9.746188670396804810e-02
9.775082021951675415e-02
9.782856702804565430e-02
9.788507968187332153e-02
9.801742434501647949e-02
9.807836264371871948e-02
9.819597750902175903e-02
9.830231964588165283e-02
9.831082820892333984e-02
9.843770414590835571e-02
9.876631200313568115e-02
9.894016385078430176e-02
9.930809587240219116e-02
1.000964790582656860e-01
1.005274876952171326e-01
1.008473038673400879e-01
1.014391928911209106e-01
1.016126275062561035e-01
1.016280651092529297e-01
1.019048839807510376e-01
1.024107038974761963e-01
1.025911346077919006e-01
1.028374433517456055e-01
1.029325872659683228e-01
1.031143143773078918e-01
1.031853258609771729e-01
1.036444753408432007e-01
1.038154289126396179e-01
1.044383198022842407e-01
1.045555695891380310e-01
1.045625209808349609e-01
1.050424277782440186e-01
1.051218882203102112e-01
1.051296219229698181e-01
1.056179553270339966e-01
1.056954637169837952e-01
1.059322878718376160e-01
1.060558930039405823e-01
1.061798259615898132e-01
1.062228828668594360e-01
1.081881001591682434e-01
1.083053722977638245e-01
1.088907718658447266e-01
1.089157983660697937e-01
1.106486171483993530e-01
1.111779510974884033e-01
1.112787872552871704e-01
1.112870275974273682e-01
1.113310530781745911e-01
1.113703921437263489e-01
1.127772107720375061e-01
1.135274171829223633e-01
1.150766462087631226e-01
1.170972883701324463e-01
1.189563795924186707e-01
1.222503706812858582e-01
1.227926164865493774e-01
1.341233402490615845e-01
1.364335715770721436e-01
1.373141109943389893e-01
6.597780585289001465e-01
6.664624810218811035e-01
6.704927086830139160e-01
6.749985218048095703e-01
6.777212619781494141e-01
6.785524487495422363e-01
6.796336174011230469e-01
6.814024448394775391e-01
6.833915114402770996e-01
6.834964156150817871e-01
6.836420893669128418e-01
6.846026778221130371e-01
6.850676536560058594e-01
6.863073110580444336e-01
6.865565180778503418e-01
6.869118213653564453e-01
6.873261928558349609e-01
6.874885559082031250e-01
6.875450015068054199e-01
6.876481175422668457e-01
6.885086894035339355e-01
6.889091134071350098e-01
6.892893314361572266e-01
6.895117759704589844e-01
6.905788779258728027e-01
6.907882094383239746e-01
6.910443305969238281e-01
6.919383406639099121e-01
6.922146677970886230e-01
6.923452615737915039e-01
6.925271153450012207e-01
6.930681467056274414e-01
6.945006847381591797e-01
6.946955919265747070e-01
6.947554349899291992e-01
6.950299143791198730e-01
6.967956423759460449e-01
6.975985169410705566e-01
6.982477903366088867e-01
6.988164186477661133e-01
6.993256807327270508e-01
6.998827457427978516e-01
7.019743919372558594e-01
7.029202580451965332e-01
7.030792832374572754e-01
7.031443715095520020e-01
7.031645178794860840e-01
7.032380700111389160e-01
7.032489776611328125e-01
7.036274075508117676e-01
7.037771940231323242e-01
7.038713693618774414e-01
7.042723894119262695e-01
7.045177221298217773e-01
7.046148777008056641e-01
7.046710252761840820e-01
7.053776383399963379e-01
7.056322097778320312e-01
7.056385874748229980e-01
7.058863043785095215e-01
7.060714960098266602e-01
7.061955332756042480e-01
7.063633203506469727e-01
7.063964009284973145e-01
7.064151167869567871e-01
7.067140340805053711e-01
7.087703943252563477e-01
7.095918059349060059e-01
7.096627354621887207e-01
7.096879482269287109e-01
7.098173499107360840e-01
7.098622322082519531e-01
7.100839018821716309e-01
7.100986838340759277e-01
7.102236747741699219e-01
7.107443809509277344e-01
7.107915878295898438e-01
7.108727097511291504e-01
7.110459804534912109e-01
7.119837403297424316e-01
7.121112942695617676e-01
7.122218012809753418e-01
7.124764919281005859e-01
7.125888466835021973e-01
7.126356959342956543e-01
7.129151225090026855e-01
7.130416035652160645e-01
7.132963538169860840e-01
7.135077118873596191e-01
7.147505283355712891e-01
7.149937152862548828e-01
7.151110768318176270e-01
7.152901291847229004e-01
7.155463099479675293e-01
7.155785560607910156e-01
7.157240509986877441e-01
7.158512473106384277e-01
7.162827253341674805e-01
7.172716259956359863e-01
7.172859907150268555e-01
7.176390886306762695e-01
7.179869413375854492e-01
7.187898755073547363e-01
7.188259959220886230e-01
7.191267013549804688e-01
7.195203304290771484e-01
7.195253968238830566e-01
7.201914191246032715e-01
7.203499078750610352e-01
7.203603982925415039e-01
7.203787565231323242e-01
7.204242348670959473e-01
7.205128669738769531e-01
7.208963632583618164e-01
7.220213413238525391e-01
7.229247689247131348e-01
7.230596542358398438e-01
7.236061692237854004e-01
7.241870164871215820e-01
7.249115705490112305e-01
7.250382900238037109e-01
7.252545952796936035e-01
7.257325649261474609e-01
7.261022925376892090e-01
7.261515855789184570e-01
7.263112068176269531e-01
7.268769741058349609e-01
7.269464135169982910e-01
7.273347377777099609e-01
7.276853322982788086e-01
7.295324802398681641e-01
7.306132316589355469e-01
7.306242585182189941e-01
7.307394742965698242e-01
7.310739159584045410e-01
7.320316433906555176e-01
7.322455644607543945e-01
7.322964072227478027e-01
7.327345609664916992e-01
7.332601547241210938e-01
7.333697676658630371e-01
7.336282134056091309e-01
7.339609861373901367e-01
7.341344356536865234e-01
7.343049049377441406e-01
7.345255017280578613e-01
7.353141307830810547e-01
7.363222241401672363e-01
7.363458275794982910e-01
7.364119887351989746e-01
7.364442348480224609e-01
7.366231083869934082e-01
7.367916107177734375e-01
7.378640174865722656e-01
7.389811277389526367e-01
7.390239834785461426e-01
7.390952110290527344e-01
7.393031716346740723e-01
7.395005226135253906e-01
7.400281429290771484e-01
7.402347922325134277e-01
7.409179210662841797e-01
7.410567998886108398e-01
7.411100268363952637e-01
7.413587570190429688e-01
7.414051294326782227e-01
7.418379783630371094e-01
7.429987192153930664e-01
7.433272004127502441e-01
7.452517151832580566e-01
7.461114525794982910e-01
7.461968064308166504e-01
7.474142313003540039e-01
7.476353049278259277e-01
7.476895451545715332e-01
7.488526701927185059e-01
7.497782707214355469e-01
7.498644590377807617e-01
7.505309581756591797e-01
7.522156238555908203e-01
7.527809143066406250e-01
7.539097666740417480e-01
7.549623847007751465e-01
7.564337849617004395e-01
7.590587735176086426e-01
7.608446478843688965e-01
7.615778446197509766e-01
7.621690630912780762e-01
7.631213665008544922e-01
7.635524272918701172e-01
7.655438780784606934e-01
7.657878994941711426e-01
7.659741044044494629e-01
7.665719389915466309e-01
7.679710388183593750e-01
7.683721780776977539e-01
7.688098549842834473e-01
7.693671584129333496e-01
7.706714868545532227e-01
7.717678546905517578e-01
7.734292745590209961e-01
7.741062045097351074e-01
7.747224569320678711e-01
7.749105095863342285e-01
7.762604355812072754e-01
7.763307094573974609e-01
7.766861319541931152e-01
7.783344388008117676e-01
7.789847850799560547e-01
7.794852852821350098e-01
7.815518379211425781e-01
7.831373810768127441e-01
7.831588983535766602e-01
7.840963006019592285e-01
7.856785655021667480e-01
7.863074541091918945e-01
7.877289056777954102e-01
7.879152894020080566e-01
7.887077331542968750e-01
7.890032529830932617e-01
7.896564602851867676e-01
7.896896600723266602e-01
7.906667590141296387e-01
7.906939983367919922e-01
7.947161197662353516e-01
7.954912185668945312e-01
7.971479296684265137e-01
7.981803417205810547e-01
7.988994717597961426e-01
7.992743849754333496e-01
7.994073033332824707e-01
8.007938265800476074e-01
8.014695644378662109e-01
8.031899333000183105e-01
8.036531805992126465e-01
8.048692345619201660e-01
8.052965402603149414e-01
8.064439892768859863e-01
8.089799284934997559e-01
8.096060752868652344e-01
8.102912306785583496e-01
8.114215135574340820e-01
8.148729801177978516e-01
8.160725831985473633e-01
8.200157880783081055e-01
8.229501247406005859e-01
8.271546959877014160e-01
8.288082480430603027e-01
8.341658711433410645e-01
8.363510370254516602e-01
8.379961848258972168e-01
8.423219323158264160e-01
8.429750204086303711e-01
8.454506397247314453e-01
8.482155203819274902e-01
8.532006144523620605e-01
8.564838171005249023e-01
8.582411408424377441e-01
8.586765527725219727e-01
8.589244484901428223e-01
8.612774610519409180e-01
8.629206418991088867e-01
8.657827973365783691e-01
8.718567490577697754e-01
8.726505637168884277e-01
8.760679960250854492e-01
8.802878856658935547e-01
8.832692503929138184e-01
8.904286026954650879e-01
8.908451795578002930e-01
9.020550847053527832e-01
9.027660489082336426e-01
9.061267971992492676e-01
9.069563746452331543e-01
9.070894718170166016e-01
9.160230755805969238e-01
9.196277260780334473e-01
9.215950965881347656e-01
9.280996322631835938e-01
9.314597249031066895e-01
9.330143332481384277e-01
9.337567090988159180e-01
9.396474957466125488e-01
9.400783777236938477e-01
9.441934227943420410e-01
9.483026266098022461e-01
9.503854513168334961e-01
9.550451636314392090e-01
9.566399455070495605e-01
9.616689085960388184e-01
9.622108340263366699e-01
9.670854210853576660e-01
9.805506467819213867e-01
9.845413565635681152e-01
9.990149736404418945e-01
1.867987275123596191e+00
1.875256299972534180e+00
1.876054286956787109e+00
1.877716183662414551e+00
1.879920721054077148e+00
1.881663203239440918e+00
1.882806420326232910e+00
1.883574485778808594e+00
1.883757472038269043e+00
1.884446859359741211e+00
1.884493350982666016e+00
1.884578108787536621e+00
1.884814500808715820e+00
1.885185837745666504e+00
1.885709166526794434e+00
1.886912941932678223e+00
1.887059807777404785e+00
1.887196540832519531e+00
1.887346029281616211e+00
1.887372612953186035e+00
1.887551307678222656e+00
1.887715816497802734e+00
1.889101862907409668e+00
1.890546441078186035e+00
1.891454219818115234e+00
1.891498565673828125e+00
1.892373204231262207e+00
1.892885088920593262e+00
1.895033836364746094e+00
1.895225286483764648e+00
1.895665884017944336e+00
1.895829439163208008e+00
1.895846366882324219e+00
1.896957635879516602e+00
1.898161053657531738e+00
1.898189306259155273e+00
1.898631811141967773e+00
1.898972868919372559e+00
1.899393439292907715e+00
1.899726986885070801e+00
1.901300191879272461e+00
1.901440143585205078e+00
1.901458024978637695e+00
1.901605010032653809e+00
1.901883006095886230e+00
1.902619838714599609e+00
1.903229832649230957e+00
1.904794096946716309e+00
1.904805183410644531e+00
1.905309319496154785e+00
1.906343340873718262e+00
1.907002568244934082e+00
1.908284544944763184e+00
1.908448576927185059e+00
1.909036636352539062e+00
1.909719824790954590e+00
1.910737633705139160e+00
1.912627339363098145e+00
1.912913322448730469e+00
1.912992715835571289e+00
1.914688706398010254e+00
1.915740966796875000e+00
1.915794968605041504e+00
1.917080998420715332e+00
1.917241811752319336e+00
1.917668223381042480e+00
1.917945742607116699e+00
1.918284416198730469e+00
1.918587565422058105e+00
1.919276237487792969e+00
1.919424772262573242e+00
1.919510841369628906e+00
1.919962048530578613e+00
1.920022845268249512e+00
1.920217394828796387e+00
1.920459270477294922e+00
1.921842098236083984e+00
1.923669338226318359e+00
1.924870252609252930e+00
1.925499677658081055e+00
1.925989389419555664e+00
1.926596999168395996e+00
1.927378892898559570e+00
1.929979681968688965e+00
1.930071592330932617e+00
1.930635094642639160e+00
1.931517362594604492e+00
1.932657957077026367e+00
1.934006333351135254e+00
1.934285521507263184e+00
1.934691190719604492e+00
1.934789419174194336e+00
1.935315251350402832e+00
1.935755252838134766e+00
1.936561822891235352e+00
1.938041329383850098e+00
1.938809633255004883e+00
1.939955353736877441e+00
1.942645907402038574e+00
1.944642663002014160e+00
1.947410702705383301e+00
1.947416186332702637e+00
1.948367834091186523e+00
1.950320124626159668e+00
1.951734900474548340e+00
1.952550411224365234e+00
1.952995181083679199e+00
1.953065872192382812e+00
1.955244898796081543e+00
1.955576539039611816e+00
1.956285715103149414e+00
1.957902073860168457e+00
1.959707021713256836e+00
1.961599111557006836e+00
1.962036013603210449e+00
1.963260054588317871e+00
1.963468909263610840e+00
1.963758826255798340e+00
1.964631080627441406e+00
1.965186953544616699e+00
1.965737462043762207e+00
1.966130495071411133e+00
1.967110037803649902e+00
1.967718839645385742e+00
1.968218207359313965e+00
1.968397140502929688e+00
1.969487071037292480e+00
1.970420360565185547e+00
1.973282217979431152e+00
1.973789811134338379e+00
1.975126266479492188e+00
1.975635170936584473e+00
1.975935339927673340e+00
1.976411223411560059e+00
1.976487874984741211e+00
1.977264881134033203e+00
1.977483868598937988e+00
1.979144811630249023e+00
1.979303479194641113e+00
1.979365110397338867e+00
1.979492425918579102e+00
1.980456113815307617e+00
1.985166072845458984e+00
1.985808253288269043e+00
1.988089799880981445e+00
1.990249276161193848e+00
1.992082357406616211e+00
1.995702505111694336e+00
1.996821641921997070e+00
1.998011708259582520e+00
1.998860836029052734e+00
2.001293182373046875e+00
2.002504825592041016e+00
2.002570390701293945e+00
2.002821445465087891e+00
2.004159688949584961e+00
2.007073163986206055e+00
2.007355690002441406e+00
2.008125543594360352e+00
2.008784770965576172e+00
2.009584665298461914e+00
2.014644145965576172e+00
2.017948389053344727e+00
2.018250465393066406e+00
2.022768974304199219e+00
2.030511379241943359e+00
2.031874179840087891e+00
2.036259651184082031e+00
2.037098646163940430e+00
2.037238359451293945e+00
2.038282394409179688e+00
2.039184093475341797e+00
2.039567708969116211e+00
2.040480852127075195e+00
2.040694475173950195e+00
2.042589902877807617e+00
2.046412467956542969e+00
2.046659231185913086e+00
2.046705961227416992e+00
2.049221992492675781e+00
2.049244642257690430e+00
2.049744606018066406e+00
2.050651311874389648e+00
2.053873538970947266e+00
2.054634571075439453e+00
2.059056282043457031e+00
2.063003063201904297e+00
2.063426494598388672e+00
2.069406986236572266e+00
2.070422172546386719e+00
2.071450233459472656e+00
2.071771144866943359e+00
2.074099302291870117e+00
2.079840660095214844e+00
2.081857919692993164e+00
2.084125757217407227e+00
2.084134578704833984e+00
2.086007356643676758e+00
2.091667890548706055e+00
2.096232891082763672e+00
2.097012042999267578e+00
2.097396135330200195e+00
2.100492000579833984e+00
2.104371070861816406e+00
2.106416225433349609e+00
2.107374191284179688e+00
2.107881546020507812e+00
2.110376596450805664e+00
2.113633155822753906e+00
2.113792181015014648e+00
2.113980770111083984e+00
2.118479967117309570e+00
2.119463443756103516e+00
2.121860265731811523e+00
2.124654293060302734e+00
2.125505685806274414e+00
2.126143217086791992e+00
2.127536058425903320e+00
2.132072210311889648e+00
2.132977724075317383e+00
2.135050535202026367e+00
2.138715267181396484e+00
2.140515804290771484e+00
2.143831491470336914e+00
2.144907474517822266e+00
2.148040533065795898e+00
2.155387401580810547e+00
2.156085491180419922e+00
2.157344341278076172e+00
2.160508871078491211e+00
2.166666269302368164e+00
2.167598247528076172e+00
2.171261787414550781e+00
2.176012992858886719e+00
2.177706241607666016e+00
2.181470632553100586e+00
2.195067882537841797e+00
2.202862024307250977e+00
2.210896015167236328e+00
2.225615262985229492e+00
2.226238489151000977e+00
2.246105194091796875e+00
2.246432781219482422e+00
2.252480030059814453e+00
2.254425525665283203e+00
2.256575822830200195e+00
2.260415077209472656e+00
2.261294364929199219e+00
2.268249750137329102e+00
2.268642902374267578e+00
2.268729209899902344e+00
2.272487878799438477e+00
2.295031070709228516e+00
2.295794248580932617e+00
2.303773641586303711e+00
2.305207490921020508e+00
2.326149225234985352e+00
2.326429367065429688e+00
2.333238363265991211e+00
2.354366779327392578e+00
2.374050617218017578e+00
2.376459360122680664e+00
2.376460552215576172e+00
2.377563714981079102e+00
2.379543304443359375e+00
2.397309541702270508e+00
2.401676177978515625e+00
2.420497179031372070e+00
2.422857761383056641e+00
2.423321485519409180e+00
2.425402879714965820e+00
2.442332267761230469e+00
2.443209648132324219e+00
2.452837228775024414e+00
2.452847719192504883e+00
2.454496383666992188e+00
2.459475278854370117e+00
2.505905866622924805e+00
2.509431838989257812e+00
2.511188268661499023e+00
2.512434244155883789e+00
2.521297931671142578e+00
2.528821945190429688e+00
2.540538787841796875e+00
2.556770324707031250e+00
2.561275959014892578e+00
2.592544555664062500e+00
2.594994544982910156e+00
2.610450744628906250e+00
2.621296882629394531e+00
2.624468564987182617e+00
2.630176782608032227e+00
2.647693634033203125e+00
2.660329103469848633e+00
2.671654701232910156e+00
2.690886497497558594e+00
