6.288855336606502533e-03
1.662500016391277313e-02
1.677901670336723328e-02
1.774637028574943542e-02
1.495535206049680710e-02
1.614682748913764954e-02
2.355079166591167450e-02
2.355079166591167450e-02
2.355079166591167450e-02
1.418487448245286942e-02
1.090400107204914093e-02
1.090400107204914093e-02
7.282643578946590424e-03
2.305901795625686646e-02
2.305901795625686646e-02
2.305901795625686646e-02
1.723115518689155579e-02
4.711781628429889679e-03
4.711781628429889679e-03
1.920696161687374115e-02
1.334262266755104065e-02
1.334262266755104065e-02
1.334262266755104065e-02
1.304117124527692795e-02
4.995277151465415955e-03
4.995277151465415955e-03
4.995277151465415955e-03
4.995277151465415955e-03
2.992199035361409187e-03
1.861238852143287659e-02
1.861238852143287659e-02
1.861238852143287659e-02
1.861238852143287659e-02
1.792036928236484528e-02
9.715739637613296509e-03
9.715739637613296509e-03
9.715739637613296509e-03
1.499123033136129379e-02
1.364539749920368195e-02
1.364539749920368195e-02
1.364539749920368195e-02
4.915630444884300232e-03
4.503009375184774399e-03
4.503009375184774399e-03
1.299500279128551483e-02
1.850869692862033844e-02
1.980405300855636597e-02
1.980405300855636597e-02
1.980405300855636597e-02
1.980405300855636597e-02
2.114365063607692719e-02
1.396143715828657150e-02
1.396143715828657150e-02
1.396143715828657150e-02
1.396143715828657150e-02
1.211565174162387848e-02
2.063683047890663147e-02
2.063683047890663147e-02
2.063683047890663147e-02
1.599060744047164917e-02
6.450493820011615753e-03
6.450493820011615753e-03
1.926701515913009644e-02
1.919060759246349335e-02
1.919060759246349335e-02
1.919060759246349335e-02
1.919060759246349335e-02
-5.940280243521556258e-05
1.483594533056020737e-02
1.538994628936052322e-02
1.538994628936052322e-02
1.538994628936052322e-02
1.530978269875049591e-02
1.161183509975671768e-02
1.239358261227607727e-02
1.239358261227607727e-02
1.239358261227607727e-02
2.386916428804397583e-03
1.885237544775009155e-02
1.748732849955558777e-02
1.748732849955558777e-02
1.748732849955558777e-02
1.248294115066528320e-02
2.247613295912742615e-02
2.247613295912742615e-02
2.247613295912742615e-02
1.064998842775821686e-02
1.662814803421497345e-02
1.628294214606285095e-02
1.628294214606285095e-02
1.534001156687736511e-02
1.358156092464923859e-02
1.358156092464923859e-02
1.358156092464923859e-02
1.594518870115280151e-02
9.320260956883430481e-03
7.571884430944919586e-03
7.571884430944919586e-03
1.747366413474082947e-02
2.090505324304103851e-02
2.090505324304103851e-02
2.090505324304103851e-02
1.547693368047475815e-02
1.612252928316593170e-02
1.612252928316593170e-02
1.612252928316593170e-02
2.155082114040851593e-02
2.331158332526683807e-02
2.331158332526683807e-02
2.331158332526683807e-02
1.622159592807292938e-02
1.550787407904863358e-02
1.550787407904863358e-02
-3.978919237852096558e-03
1.574602909386157990e-02
1.574602909386157990e-02
1.574602909386157990e-02
1.765126921236515045e-02
8.629399351775646210e-03
8.629399351775646210e-03
2.206885442137718201e-02
2.549580857157707214e-02
2.208672277629375458e-02
2.208672277629375458e-02
1.368614844977855682e-02
1.790621504187583923e-02
1.790621504187583923e-02
1.543524954468011856e-02
6.311925593763589859e-03
2.024428173899650574e-02
2.024428173899650574e-02
-3.887034719809889793e-03
2.094263583421707153e-02
2.094263583421707153e-02
2.094263583421707153e-02
1.680135540664196014e-02
1.887231133878231049e-02
1.740119978785514832e-02
1.740119978785514832e-02
1.678272522985935211e-02
1.798973977565765381e-02
1.798973977565765381e-02
1.798973977565765381e-02
8.056125603616237640e-03
2.118831872940063477e-02
2.118831872940063477e-02
1.383092906326055527e-02
1.070967875421047211e-02
8.324668742716312408e-03
8.324668742716312408e-03
1.187889371067285538e-02
1.518513169139623642e-02
1.518513169139623642e-02
1.260957401245832443e-02
1.115406770259141922e-02
1.115406770259141922e-02
1.050315983593463898e-02
1.669431291520595551e-02
1.829808577895164490e-02
1.829808577895164490e-02
1.319940946996212006e-02
1.521812658756971359e-02
1.521812658756971359e-02
1.521812658756971359e-02
2.207485958933830261e-02
2.056096121668815613e-02
2.056096121668815613e-02
2.290628105401992798e-02
1.750322431325912476e-02
1.750322431325912476e-02
1.750322431325912476e-02
9.812793694436550140e-03
2.150314673781394958e-02
1.590100862085819244e-02
1.590100862085819244e-02
1.590100862085819244e-02
9.671236388385295868e-03
1.105301361531019211e-02
1.105301361531019211e-02
6.819538306444883347e-03
1.433704420924186707e-02
2.519304864108562469e-02
2.519304864108562469e-02
9.634687565267086029e-03
1.625328324735164642e-02
1.148371119052171707e-02
1.148371119052171707e-02
1.696968078613281250e-02
4.608900286257266998e-03
2.095450274646282196e-02
2.095450274646282196e-02
1.489676162600517273e-02
1.599523238837718964e-02
1.599523238837718964e-02
1.599523238837718964e-02
6.124186795204877853e-03
2.122279629111289978e-02
2.122279629111289978e-02
2.058856002986431122e-02
1.688606664538383484e-02
1.688606664538383484e-02
1.043107919394969940e-02
1.556526497006416321e-02
1.556526497006416321e-02
7.596957962960004807e-03
1.560056395828723907e-02
1.560056395828723907e-02
1.560056395828723907e-02
1.903858780860900879e-02
9.376442991197109222e-03
9.376442991197109222e-03
1.776674017310142517e-02
1.653276197612285614e-02
1.653276197612285614e-02
1.498396787792444229e-02
1.903323084115982056e-02
1.903323084115982056e-02
1.376753486692905426e-02
1.720041595399379730e-02
1.720041595399379730e-02
1.720041595399379730e-02
2.226056344807147980e-02
1.068092696368694305e-02
1.068092696368694305e-02
8.936544880270957947e-03
1.096768956631422043e-02
1.096768956631422043e-02
1.096768956631422043e-02
1.472537405788898468e-02
1.630761846899986267e-02
1.630761846899986267e-02
2.057332359254360199e-02
1.491703558713197708e-02
1.601485908031463623e-02
1.601485908031463623e-02
2.088842168450355530e-02
1.499492209404706955e-02
1.499492209404706955e-02
1.499492209404706955e-02
1.286742370575666428e-02
1.811049319803714752e-02
1.811049319803714752e-02
7.064995821565389633e-03
1.049462426453828812e-02
1.049462426453828812e-02
6.717587821185588837e-03
2.198141440749168396e-02
2.198141440749168396e-02
1.988089643418788910e-02
1.526556257158517838e-02
1.526556257158517838e-02
1.526556257158517838e-02
8.766376413404941559e-03
1.296782214194536209e-02
1.296782214194536209e-02
1.643190719187259674e-02
1.303820963948965073e-02
1.303820963948965073e-02
1.076251734048128128e-02
3.526601241901516914e-03
3.526601241901516914e-03
3.526601241901516914e-03
6.933239754289388657e-03
8.214750327169895172e-03
8.214750327169895172e-03
7.910955697298049927e-03
1.624872721731662750e-02
1.624872721731662750e-02
1.887328736484050751e-02
1.595630124211311340e-02
1.595630124211311340e-02
1.595630124211311340e-02
8.212042972445487976e-03
4.560208413749933243e-03
4.560208413749933243e-03
4.560208413749933243e-03
9.504066780209541321e-03
1.187398005276918411e-02
1.187398005276918411e-02
1.321403309702873230e-02
7.047508843243122101e-03
2.070922218263149261e-02
2.070922218263149261e-02
9.335393086075782776e-03
2.079516835510730743e-02
2.079516835510730743e-02
2.079516835510730743e-02
1.854285411536693573e-02
1.851191744208335876e-02
1.851191744208335876e-02
2.153592742979526520e-02
1.297220587730407715e-02
1.297220587730407715e-02
1.839950494468212128e-02
1.678685657680034637e-02
1.678685657680034637e-02
1.678685657680034637e-02
4.106575623154640198e-03
3.615919267758727074e-03
3.615919267758727074e-03
3.615919267758727074e-03
1.023470889776945114e-02
5.605330690741539001e-03
5.605330690741539001e-03
2.193067781627178192e-02
7.594706956297159195e-03
1.006596535444259644e-02
1.006596535444259644e-02
2.162654325366020203e-02
9.665313176810741425e-03
3.606335492804646492e-03
3.606335492804646492e-03
1.759441941976547241e-02
1.552957762032747269e-02
1.337881013751029968e-02
1.337881013751029968e-02
1.983237452805042267e-02
1.574549451470375061e-02
7.958474569022655487e-03
7.958474569022655487e-03
2.190873958170413971e-02
1.119597349315881729e-02
2.200376428663730621e-02
2.200376428663730621e-02
1.570964418351650238e-02
1.809021085500717163e-02
1.809021085500717163e-02
1.809021085500717163e-02
1.191128510981798172e-02
6.985804066061973572e-03
6.985804066061973572e-03
4.599410109221935272e-03
1.545736100524663925e-02
1.545736100524663925e-02
1.545736100524663925e-02
1.743953116238117218e-02
1.631708815693855286e-02
1.631708815693855286e-02
2.167662978172302246e-02
1.485453080385923386e-02
1.485453080385923386e-02
1.485453080385923386e-02
1.919800415635108948e-02
1.503158267587423325e-02
1.503158267587423325e-02
1.503158267587423325e-02
1.550081465393304825e-02
1.290517207235097885e-02
1.290517207235097885e-02
7.003680802881717682e-03
1.973070204257965088e-02
1.973070204257965088e-02
1.973070204257965088e-02
1.000387873500585556e-02
1.612714491784572601e-02
1.612714491784572601e-02
1.009305100888013840e-02
2.224437706172466278e-02
2.224437706172466278e-02
2.206601202487945557e-02
1.206622272729873657e-02
1.206622272729873657e-02
2.003096975386142731e-02
1.685648597776889801e-02
1.685648597776889801e-02
1.685648597776889801e-02
2.127686515450477600e-02
1.624321937561035156e-02
1.624321937561035156e-02
2.246162295341491699e-02
1.373534277081489563e-02
6.979423575103282928e-03
6.979423575103282928e-03
6.979423575103282928e-03
1.240105554461479187e-02
1.876828074455261230e-02
1.876828074455261230e-02
1.876828074455261230e-02
6.639530416578054428e-03
1.593281328678131104e-02
1.593281328678131104e-02
1.850721612572669983e-02
1.765862666070461273e-02
1.765862666070461273e-02
2.147137001156806946e-02
1.905760169029235840e-02
1.905760169029235840e-02
1.905760169029235840e-02
1.455404143780469894e-02
1.517993304878473282e-02
6.848029792308807373e-03
6.848029792308807373e-03
6.848029792308807373e-03
2.310257777571678162e-02
1.861111633479595184e-02
1.861111633479595184e-02
1.553398463875055313e-02
2.075803652405738831e-02
2.075803652405738831e-02
1.195243373513221741e-02
1.630860008299350739e-02
1.630860008299350739e-02
2.911394089460372925e-02
2.066839672625064850e-02
2.066839672625064850e-02
2.066839672625064850e-02
1.279446948319673538e-02
2.420465834438800812e-02
2.213057875633239746e-02
2.213057875633239746e-02
1.113082468509674072e-02
7.530462462455034256e-03
7.530462462455034256e-03
7.530462462455034256e-03
1.383296679705381393e-02
1.148698106408119202e-02
1.148698106408119202e-02
1.399290654808282852e-02
1.266302447766065598e-02
-2.144846803275868297e-04
-2.144846803275868297e-04
1.649785786867141724e-02
1.261459384113550186e-02
1.709788851439952850e-02
1.709788851439952850e-02
1.031351741403341293e-02
1.593526266515254974e-02
1.593526266515254974e-02
2.001136541366577148e-02
1.265056431293487549e-02
1.265056431293487549e-02
1.144749857485294342e-02
1.627290993928909302e-02
1.627290993928909302e-02
1.627290993928909302e-02
1.717823557555675507e-02
2.387918764725327492e-03
2.387918764725327492e-03
1.782572269439697266e-02
1.872476749122142792e-02
1.872476749122142792e-02
1.587058976292610168e-02
7.287101820111274719e-03
7.287101820111274719e-03
2.028509043157100677e-02
1.675779558718204498e-02
1.675779558718204498e-02
1.675779558718204498e-02
2.570453658699989319e-02
1.850973442196846008e-02
1.850973442196846008e-02
2.176507748663425446e-02
1.392575795762240887e-03
1.392575795762240887e-03
2.624002099037170410e-02
3.096682252362370491e-03
3.096682252362370491e-03
1.519280951470136642e-02
6.129519082605838776e-03
2.040253393352031708e-02
2.040253393352031708e-02
1.980622485280036926e-02
1.517798192799091339e-02
2.169227600097656250e-02
2.169227600097656250e-02
2.169227600097656250e-02
1.732314005494117737e-02
2.214341983199119568e-02
1.718922890722751617e-02
1.718922890722751617e-02
1.718922890722751617e-02
1.962951570749282837e-02
1.496729534119367599e-02
9.523957967758178711e-03
9.523957967758178711e-03
1.709906570613384247e-02
1.642042584717273712e-02
1.642042584717273712e-02
1.140063349157571793e-02
2.286808751523494720e-02
2.286808751523494720e-02
1.371010206639766693e-02
1.020498201251029968e-02
1.020498201251029968e-02
1.180437207221984863e-02
1.144714746624231339e-02
1.144714746624231339e-02
1.144714746624231339e-02
8.713609538972377777e-03
1.648007147014141083e-02
1.648007147014141083e-02
4.315251950174570084e-03
1.378415245562791824e-02
1.378415245562791824e-02
2.169359847903251648e-02
1.689698547124862671e-02
1.689698547124862671e-02
1.729109324514865875e-02
2.639569342136383057e-02
2.639569342136383057e-02
1.241820119321346283e-02
1.886675367131829262e-03
2.296394482254981995e-02
2.296394482254981995e-02
1.817367412149906158e-02
1.325682085007429123e-02
1.905581913888454437e-02
1.905581913888454437e-02
1.616812311112880707e-02
1.067005377262830734e-02
1.785187609493732452e-02
1.785187609493732452e-02
1.246030256152153015e-02
1.693970151245594025e-02
1.693970151245594025e-02
1.434149406850337982e-02
7.870985195040702820e-03
7.870985195040702820e-03
2.080469578504562378e-02
1.268957648426294327e-02
1.268957648426294327e-02
1.073251198977231979e-02
8.248860016465187073e-03
8.248860016465187073e-03
8.248860016465187073e-03
1.838493719696998596e-02
1.617791876196861267e-02
1.617791876196861267e-02
2.500208467245101929e-02
3.606537124142050743e-03
3.606537124142050743e-03
1.304220408201217651e-02
1.223866827785968781e-02
1.223866827785968781e-02
1.112489216029644012e-02
1.722296699881553650e-02
1.722296699881553650e-02
2.136161364614963531e-02
1.086243614554405212e-02
1.086243614554405212e-02
1.555813755840063095e-02
1.015906035900115967e-02
1.015906035900115967e-02
9.276189841330051422e-03
2.240380272269248962e-02
2.240380272269248962e-02
1.850490085780620575e-02
1.893055625259876251e-02
1.893055625259876251e-02
2.106369473040103912e-02
9.997065179049968719e-03
5.673537030816078186e-03
5.673537030816078186e-03
2.229100838303565979e-02
1.356569211930036545e-02
2.279305271804332733e-02
2.279305271804332733e-02
1.074629835784435272e-02
1.863671280443668365e-02
1.863671280443668365e-02
1.863671280443668365e-02
9.392777457833290100e-03
1.870916970074176788e-02
1.870916970074176788e-02
1.870916970074176788e-02
1.284172199666500092e-02
2.200201153755187988e-02
2.200201153755187988e-02
2.200201153755187988e-02
1.643408276140689850e-02
1.539718545973300934e-02
1.539718545973300934e-02
9.464929811656475067e-03
1.845562830567359924e-02
1.845562830567359924e-02
2.495750039815902710e-02
1.570353098213672638e-02
1.570353098213672638e-02
1.102753821760416031e-02
1.886497437953948975e-02
1.886497437953948975e-02
1.169379614293575287e-02
2.045994251966476440e-02
2.045994251966476440e-02
1.764051429927349091e-02
7.290441077202558517e-03
7.290441077202558517e-03
1.422416139394044876e-02
1.343916915357112885e-02
1.343916915357112885e-02
2.084646746516227722e-02
3.410202683880925179e-03
3.410202683880925179e-03
3.410202683880925179e-03
1.832111738622188568e-02
1.412908453494310379e-02
1.412908453494310379e-02
-2.362967701628804207e-03
2.987515553832054138e-02
2.987515553832054138e-02
2.177597954869270325e-02
2.109066024422645569e-02
2.109066024422645569e-02
1.212510094046592712e-02
9.848787449300289154e-03
9.848787449300289154e-03
1.093916874378919601e-02
1.440343726426362991e-02
1.440343726426362991e-02
2.054184302687644958e-02
1.933607831597328186e-02
1.933607831597328186e-02
1.696065999567508698e-02
1.426975056529045105e-02
1.515734242275357246e-03
1.515734242275357246e-03
1.781700737774372101e-02
7.532157935202121735e-03
7.532157935202121735e-03
7.753795944154262543e-03
1.379706431180238724e-02
1.379706431180238724e-02
1.628334634006023407e-02
1.589473150670528412e-02
1.589473150670528412e-02
-8.217393769882619381e-05
1.195508893579244614e-02
1.195508893579244614e-02
7.729543372988700867e-03
2.370039559900760651e-02
2.370039559900760651e-02
2.128483913838863373e-02
1.531402114778757095e-02
1.531402114778757095e-02
1.075350400060415268e-02
6.775222253054380417e-03
6.775222253054380417e-03
6.775222253054380417e-03
1.630917377769947052e-02
1.602738164365291595e-02
1.602738164365291595e-02
8.538370952010154724e-03
1.423050276935100555e-02
1.423050276935100555e-02
5.714432802051305771e-03
6.554309744387865067e-03
6.554309744387865067e-03
1.420578267425298691e-02
1.401216909289360046e-02
1.401216909289360046e-02
1.632030121982097626e-02
1.380140334367752075e-02
1.380140334367752075e-02
1.810508035123348236e-02
1.724730990827083588e-02
1.724730990827083588e-02
1.401717122644186020e-02
1.065069437026977539e-02
1.065069437026977539e-02
1.220735255628824234e-02
1.887694373726844788e-02
1.887694373726844788e-02
2.139075286686420441e-02
1.268866378813982010e-02
1.268866378813982010e-02
9.841424413025379181e-03
1.710894703865051270e-02
1.710894703865051270e-02
8.847493678331375122e-03
7.589288987219333649e-03
7.589288987219333649e-03
5.494258366525173187e-04
7.118940353393554688e-03
7.118940353393554688e-03
1.266840752214193344e-02
1.707943528890609741e-02
1.707943528890609741e-02
6.881501525640487671e-03
2.703235670924186707e-02
1.172571908682584763e-02
2.009758353233337402e-02
1.217688061296939850e-02
1.217688061296939850e-02
1.217688061296939850e-02
9.006869979202747345e-03
9.006869979202747345e-03
2.045232057571411133e-02
2.082024142146110535e-02
2.082024142146110535e-02
1.008858624845743179e-02
2.005644515156745911e-02
2.005644515156745911e-02
2.186059206724166870e-02
1.445323042571544647e-02
1.445323042571544647e-02
1.414427254348993301e-02
9.952913038432598114e-03
1.940402016043663025e-02
1.940402016043663025e-02
1.881754957139492035e-02
5.380749236792325974e-03
5.380749236792325974e-03
2.045727707445621490e-02
1.803964748978614807e-02
1.803964748978614807e-02
2.441848255693912506e-02
3.274752292782068253e-03
3.274752292782068253e-03
2.666389010846614838e-02
1.500765793025493622e-02
1.500765793025493622e-02
1.403494365513324738e-02
3.835178446024656296e-03
3.835178446024656296e-03
1.834394037723541260e-02
1.986988820135593414e-02
1.986988820135593414e-02
1.503773871809244156e-02
2.212957851588726044e-02
2.212957851588726044e-02
1.322461292147636414e-02
3.264479339122772217e-03
3.264479339122772217e-03
1.749233528971672058e-02
1.605182513594627380e-02
1.605182513594627380e-02
1.752276532351970673e-02
1.724724844098091125e-02
1.724724844098091125e-02
2.304991334676742554e-02
1.664073020219802856e-02
1.664073020219802856e-02
3.050678409636020660e-03
5.361685995012521744e-03
5.361685995012521744e-03
1.508138794451951981e-02
1.798885315656661987e-02
1.798885315656661987e-02
-3.827910171821713448e-03
1.201107259839773178e-02
1.201107259839773178e-02
1.201107259839773178e-02
1.624776422977447510e-02
1.874203048646450043e-02
1.874203048646450043e-02
1.702403835952281952e-02
1.532642170786857605e-02
1.532642170786857605e-02
1.159269642084836960e-02
1.682543940842151642e-02
1.682543940842151642e-02
2.032952196896076202e-02
2.276314422488212585e-02
2.276314422488212585e-02
1.466874219477176666e-02
4.875139798969030380e-03
4.875139798969030380e-03
1.396081689745187759e-02
9.357553906738758087e-03
9.357553906738758087e-03
1.911763660609722137e-02
7.956872694194316864e-03
7.956872694194316864e-03
7.956872694194316864e-03
1.607095263898372650e-02
2.326272614300251007e-02
2.326272614300251007e-02
3.907293081283569336e-03
1.615549623966217041e-02
1.615549623966217041e-02
8.071825839579105377e-03
1.096699503250420094e-03
1.096699503250420094e-03
1.598300226032733917e-02
1.519965007901191711e-02
1.519965007901191711e-02
2.522196434438228607e-02
1.722581498324871063e-02
1.722581498324871063e-02
2.159998007118701935e-02
1.911868527531623840e-02
1.911868527531623840e-02
1.911868527531623840e-02
2.447370206937193871e-03
1.681797765195369720e-02
1.681797765195369720e-02
1.263002678751945496e-02
1.817256957292556763e-02
1.817256957292556763e-02
1.411860622465610504e-02
1.834630034863948822e-02
1.834630034863948822e-02
1.366135943681001663e-02
1.585289277136325836e-02
1.585289277136325836e-02
1.883522793650627136e-02
1.699973456561565399e-02
1.699973456561565399e-02
1.864056847989559174e-02
2.436112053692340851e-02
2.436112053692340851e-02
1.573124155402183533e-02
8.486038073897361755e-03
8.486038073897361755e-03
1.777678169310092926e-02
2.079192176461219788e-02
2.079192176461219788e-02
1.092461030930280685e-02
-1.167877693660557270e-03
-1.167877693660557270e-03
1.405215170234441757e-02
2.209642529487609863e-02
5.212169140577316284e-03
5.212169140577316284e-03
1.809271983802318573e-02
3.382692346349358559e-03
3.382692346349358559e-03
2.106652222573757172e-02
1.712675206363201141e-03
1.712675206363201141e-03
1.628465391695499420e-02
1.382956653833389282e-02
1.382956653833389282e-02
1.082724146544933319e-02
2.053579874336719513e-02
2.053579874336719513e-02
3.478747326880693436e-03
1.157781854271888733e-02
1.157781854271888733e-02
1.943963579833507538e-02
1.485716365277767181e-02
1.485716365277767181e-02
3.640736220404505730e-03
1.668154820799827576e-02
1.668154820799827576e-02
1.227060146629810333e-02
6.751608569175004959e-03
6.751608569175004959e-03
1.760023087263107300e-02
1.505000982433557510e-02
1.505000982433557510e-02
1.493839826434850693e-02
-4.335324745625257492e-03
-4.335324745625257492e-03
1.809723861515522003e-02
1.152719371020793915e-02
1.152719371020793915e-02
9.511412121355533600e-03
1.581450924277305603e-02
1.581450924277305603e-02
1.581450924277305603e-02
1.658193208277225494e-02
2.241474390029907227e-02
2.241474390029907227e-02
1.163084898144006729e-02
1.973973028361797333e-02
1.973973028361797333e-02
1.265013124793767929e-02
1.147750485688447952e-02
1.147750485688447952e-02
1.688826084136962891e-02
1.741879433393478394e-02
1.741879433393478394e-02
2.040014043450355530e-02
9.405945427715778351e-03
9.405945427715778351e-03
1.848162710666656494e-02
8.635229431092739105e-03
8.635229431092739105e-03
2.515385299921035767e-02
1.583318598568439484e-02
1.583318598568439484e-02
1.809693314135074615e-02
1.987850666046142578e-02
1.987850666046142578e-02
1.717597432434558868e-02
1.346877962350845337e-02
1.346877962350845337e-02
9.240479208528995514e-03
1.870774850249290466e-02
1.870774850249290466e-02
6.308338604867458344e-03
1.424993760883808136e-02
1.424993760883808136e-02
7.752065081149339676e-03
1.637437753379344940e-02
1.637437753379344940e-02
1.896397210657596588e-02
1.793418079614639282e-02
1.331938430666923523e-02
1.331938430666923523e-02
1.652266643941402435e-02
1.784769631922245026e-02
1.784769631922245026e-02
2.257450856268405914e-02
8.528780192136764526e-03
1.219875272363424301e-02
1.219875272363424301e-02
1.233365479856729507e-02
1.672514714300632477e-02
1.242789532989263535e-02
1.242789532989263535e-02
2.202444709837436676e-02
1.636634021997451782e-02
1.636634021997451782e-02
1.636634021997451782e-02
2.204848080873489380e-02
1.554200705140829086e-02
1.554200705140829086e-02
1.554200705140829086e-02
9.393350221216678619e-03
1.933916285634040833e-02
1.933916285634040833e-02
1.933916285634040833e-02
1.618346199393272400e-02
1.442686840891838074e-02
1.442686840891838074e-02
1.442686840891838074e-02
1.259448565542697906e-02
2.132814005017280579e-02
2.132814005017280579e-02
2.132814005017280579e-02
1.688179001212120056e-02
1.577527262270450592e-02
1.577527262270450592e-02
1.307600270956754684e-02
1.399201806634664536e-02
1.399201806634664536e-02
2.236944064497947693e-02
2.384542301297187805e-02
2.384542301297187805e-02
1.653284393250942230e-02
1.967248134315013885e-02
1.967248134315013885e-02
2.009061910212039948e-02
2.510629221796989441e-02
2.510629221796989441e-02
9.919031523168087006e-03
1.980463042855262756e-02
1.980463042855262756e-02
1.269873511046171188e-02
2.028073370456695557e-02
2.028073370456695557e-02
2.028073370456695557e-02
1.364972093142569065e-03
1.013923808932304382e-02
1.013923808932304382e-02
1.013716030865907669e-02
1.628602668642997742e-02
1.628602668642997742e-02
1.374836917966604233e-02
4.862063564360141754e-03
4.862063564360141754e-03
1.973750628530979156e-02
2.082657627761363983e-02
2.082657627761363983e-02
1.661000587046146393e-02
1.621938869357109070e-02
1.621938869357109070e-02
1.543267816305160522e-02
-7.493969751521945000e-04
-7.493969751521945000e-04
-7.493969751521945000e-04
1.111943088471889496e-02
1.315002050250768661e-02
1.315002050250768661e-02
1.080793701112270355e-02
2.085953578352928162e-02
2.085953578352928162e-02
1.325979083776473999e-02
1.571020297706127167e-02
1.571020297706127167e-02
1.424810383468866348e-02
2.417425438761711121e-02
2.417425438761711121e-02
2.070561237633228302e-02
1.304351538419723511e-02
1.304351538419723511e-02
1.527626253664493561e-02
2.147553302347660065e-02
2.147553302347660065e-02
2.147553302347660065e-02
2.375303022563457489e-02
2.375303022563457489e-02
2.375303022563457489e-02
1.371929701417684555e-02
1.646487787365913391e-02
1.646487787365913391e-02
1.012197230011224747e-02
3.071496030315756798e-03
3.071496030315756798e-03
1.023087836802005768e-02
1.883747428655624390e-02
1.883747428655624390e-02
1.143911946564912796e-02
1.510600280016660690e-02
1.510600280016660690e-02
1.323803700506687164e-02
1.743059977889060974e-02
1.743059977889060974e-02
