1.000000000000000000e+00
1.000000000000000000e+00
1.000000000000000000e+00
1.000000000000000000e+00
1.000000000000000000e+00
1.000000000000000000e+00
1.000000000000000000e+00
1.000000000000000000e+00
6.658676266670227051e-01
6.720259785652160645e-01
6.547763943672180176e-01
6.703841090202331543e-01
6.643825173377990723e-01
6.553249955177307129e-01
6.591902375221252441e-01
6.661984324455261230e-01
6.661984324455261230e-01
6.661984324455261230e-01
6.694143414497375488e-01
6.671678423881530762e-01
6.671678423881530762e-01
6.671678423881530762e-01
6.684579849243164062e-01
6.687240600585937500e-01
6.687240600585937500e-01
6.753602027893066406e-01
6.608471274375915527e-01
6.608471274375915527e-01
6.665369272232055664e-01
6.620094180107116699e-01
6.620094180107116699e-01
6.620094180107116699e-01
6.623607277870178223e-01
6.611449122428894043e-01
6.611449122428894043e-01
6.611449122428894043e-01
6.597402691841125488e-01
6.575468778610229492e-01
6.575468778610229492e-01
6.677169799804687500e-01
6.615458726882934570e-01
6.640778779983520508e-01
6.640778779983520508e-01
6.640778779983520508e-01
6.632311344146728516e-01
6.600029468536376953e-01
6.600029468536376953e-01
6.685076951980590820e-01
6.615285277366638184e-01
6.630491018295288086e-01
6.630491018295288086e-01
6.582083702087402344e-01
6.648130416870117188e-01
6.648130416870117188e-01
6.552451848983764648e-01
6.664105653762817383e-01
6.664105653762817383e-01
6.664105653762817383e-01
6.710672378540039062e-01
6.576191186904907227e-01
6.576191186904907227e-01
6.677374839782714844e-01
6.526684761047363281e-01
6.526684761047363281e-01
6.630647778511047363e-01
6.607738137245178223e-01
6.645061969757080078e-01
6.645061969757080078e-01
6.593438982963562012e-01
6.688657999038696289e-01
6.688657999038696289e-01
6.688657999038696289e-01
6.726053357124328613e-01
6.730813384056091309e-01
6.660156846046447754e-01
6.660156846046447754e-01
6.660156846046447754e-01
6.609579920768737793e-01
6.609579920768737793e-01
6.609579920768737793e-01
6.596096754074096680e-01
6.596096754074096680e-01
6.538176536560058594e-01
6.538176536560058594e-01
6.538176536560058594e-01
6.538176536560058594e-01
6.648573279380798340e-01
6.648573279380798340e-01
6.648573279380798340e-01
6.694644093513488770e-01
6.503927707672119141e-01
6.503927707672119141e-01
6.503927707672119141e-01
6.503927707672119141e-01
6.691882610321044922e-01
6.634183526039123535e-01
6.634183526039123535e-01
6.634183526039123535e-01
6.598913073539733887e-01
6.560870409011840820e-01
6.560870409011840820e-01
6.560870409011840820e-01
6.649832129478454590e-01
6.695397496223449707e-01
6.695397496223449707e-01
6.695397496223449707e-01
6.695397496223449707e-01
6.667010784149169922e-01
6.667010784149169922e-01
6.667010784149169922e-01
6.690033078193664551e-01
6.577154994010925293e-01
6.754250526428222656e-01
6.754250526428222656e-01
6.754250526428222656e-01
6.710312962532043457e-01
6.561036705970764160e-01
6.632104516029357910e-01
6.632104516029357910e-01
6.632104516029357910e-01
6.534942388534545898e-01
6.678571701049804688e-01
6.678571701049804688e-01
6.678571701049804688e-01
6.468168497085571289e-01
6.695964336395263672e-01
6.695964336395263672e-01
6.523367762565612793e-01
6.504594087600708008e-01
6.672034263610839844e-01
6.672034263610839844e-01
6.715731620788574219e-01
6.602544784545898438e-01
6.680091619491577148e-01
6.680091619491577148e-01
6.656260490417480469e-01
6.610258221626281738e-01
6.545537114143371582e-01
6.545537114143371582e-01
6.498677730560302734e-01
6.672916412353515625e-01
6.728546619415283203e-01
6.728546619415283203e-01
6.728546619415283203e-01
6.600090861320495605e-01
6.567139029502868652e-01
6.567139029502868652e-01
6.673259735107421875e-01
6.651662588119506836e-01
6.601213812828063965e-01
6.601213812828063965e-01
6.614807844161987305e-01
6.625292301177978516e-01
6.625292301177978516e-01
6.625292301177978516e-01
6.767031550407409668e-01
6.674197912216186523e-01
6.693770885467529297e-01
6.693770885467529297e-01
6.693579554557800293e-01
6.637046337127685547e-01
6.628623008728027344e-01
6.628623008728027344e-01
6.653423309326171875e-01
6.635357141494750977e-01
6.681375503540039062e-01
6.681375503540039062e-01
6.681375503540039062e-01
6.657170653343200684e-01
6.644967198371887207e-01
6.644967198371887207e-01
6.644967198371887207e-01
6.644967198371887207e-01
6.663292646408081055e-01
6.622318625450134277e-01
6.622318625450134277e-01
6.622318625450134277e-01
6.622318625450134277e-01
6.639106869697570801e-01
6.551792025566101074e-01
6.687960624694824219e-01
6.687960624694824219e-01
6.578970551490783691e-01
6.620456576347351074e-01
6.620456576347351074e-01
6.620456576347351074e-01
6.625463366508483887e-01
6.644978523254394531e-01
6.506884098052978516e-01
6.506884098052978516e-01
6.630959510803222656e-01
6.542801260948181152e-01
6.542801260948181152e-01
6.542801260948181152e-01
6.688882112503051758e-01
6.672546267509460449e-01
6.672546267509460449e-01
6.672546267509460449e-01
6.701237559318542480e-01
6.667965650558471680e-01
6.667965650558471680e-01
6.667965650558471680e-01
6.516853570938110352e-01
6.598992347717285156e-01
6.688124537467956543e-01
6.688124537467956543e-01
6.688124537467956543e-01
6.537064909934997559e-01
6.602219939231872559e-01
6.684923768043518066e-01
6.684923768043518066e-01
6.684923768043518066e-01
6.679648756980895996e-01
6.414017677307128906e-01
6.682294011116027832e-01
6.682294011116027832e-01
6.682294011116027832e-01
6.611523628234863281e-01
6.657177209854125977e-01
6.483739018440246582e-01
6.483739018440246582e-01
6.483739018440246582e-01
6.674298048019409180e-01
6.615647077560424805e-01
6.675639748573303223e-01
6.675639748573303223e-01
6.577926874160766602e-01
6.754747629165649414e-01
6.616879105567932129e-01
6.616879105567932129e-01
6.616879105567932129e-01
6.705731749534606934e-01
6.695690155029296875e-01
6.695690155029296875e-01
6.695690155029296875e-01
6.623319983482360840e-01
6.746446490287780762e-01
6.746446490287780762e-01
6.746446490287780762e-01
6.667824983596801758e-01
6.584840416908264160e-01
6.648093461990356445e-01
6.648093461990356445e-01
6.648093461990356445e-01
6.660929322242736816e-01
6.581526398658752441e-01
6.711598038673400879e-01
6.711598038673400879e-01
6.711598038673400879e-01
6.554231643676757812e-01
6.584522724151611328e-01
6.584522724151611328e-01
6.654872298240661621e-01
6.582341194152832031e-01
6.704525351524353027e-01
6.704525351524353027e-01
6.704525351524353027e-01
6.706514358520507812e-01
6.662393212318420410e-01
6.662393212318420410e-01
6.662393212318420410e-01
6.614312529563903809e-01
6.675162911415100098e-01
6.675162911415100098e-01
6.675162911415100098e-01
6.656374931335449219e-01
6.622632741928100586e-01
6.638819575309753418e-01
6.638819575309753418e-01
6.638819575309753418e-01
6.773831248283386230e-01
6.773831248283386230e-01
6.586493849754333496e-01
6.586493849754333496e-01
6.616767048835754395e-01
6.763415336608886719e-01
6.624431014060974121e-01
6.624431014060974121e-01
6.628781557083129883e-01
6.666257381439208984e-01
6.662824749946594238e-01
6.662824749946594238e-01
6.675404310226440430e-01
6.504999995231628418e-01
6.640946865081787109e-01
6.640946865081787109e-01
6.640946865081787109e-01
6.610518693923950195e-01
6.736531853675842285e-01
6.736531853675842285e-01
6.736531853675842285e-01
6.570122241973876953e-01
6.585409045219421387e-01
6.705115437507629395e-01
6.705115437507629395e-01
6.705115437507629395e-01
6.617299914360046387e-01
6.594457030296325684e-01
6.594457030296325684e-01
6.531854271888732910e-01
6.659508943557739258e-01
6.659508943557739258e-01
6.659508943557739258e-01
6.633941531181335449e-01
6.625207066535949707e-01
6.684491038322448730e-01
6.684491038322448730e-01
6.678310632705688477e-01
6.668090820312500000e-01
6.639699935913085938e-01
6.639699935913085938e-01
6.623686552047729492e-01
6.696335077285766602e-01
6.630846261978149414e-01
6.630846261978149414e-01
6.630846261978149414e-01
6.614080667495727539e-01
6.596676707267761230e-01
6.656903624534606934e-01
6.656903624534606934e-01
6.656903624534606934e-01
6.714419722557067871e-01
6.685173511505126953e-01
6.714912652969360352e-01
6.714912652969360352e-01
6.714912652969360352e-01
6.684711575508117676e-01
6.639961004257202148e-01
6.733444333076477051e-01
6.733444333076477051e-01
6.733444333076477051e-01
6.733444333076477051e-01
6.682731509208679199e-01
6.736251115798950195e-01
6.579360961914062500e-01
6.579360961914062500e-01
6.694151163101196289e-01
6.544452905654907227e-01
6.723483800888061523e-01
6.723483800888061523e-01
6.687191724777221680e-01
6.547655463218688965e-01
6.547655463218688965e-01
6.547655463218688965e-01
6.547655463218688965e-01
6.440951228141784668e-01
6.440951228141784668e-01
6.642943024635314941e-01
6.642943024635314941e-01
6.642943024635314941e-01
6.687537431716918945e-01
6.574979424476623535e-01
6.574979424476623535e-01
6.574979424476623535e-01
6.632372736930847168e-01
6.635640859603881836e-01
6.659982204437255859e-01
6.659982204437255859e-01
6.624126434326171875e-01
6.730402112007141113e-01
6.631644964218139648e-01
6.631644964218139648e-01
6.631644964218139648e-01
6.422569155693054199e-01
6.655547618865966797e-01
6.655547618865966797e-01
6.686710119247436523e-01
6.613227128982543945e-01
6.624379754066467285e-01
6.624379754066467285e-01
6.736961007118225098e-01
6.551061868667602539e-01
6.634420752525329590e-01
6.634420752525329590e-01
6.634420752525329590e-01
6.720746159553527832e-01
6.633778214454650879e-01
6.633778214454650879e-01
6.633778214454650879e-01
6.615024209022521973e-01
6.623725891113281250e-01
6.719239950180053711e-01
6.719239950180053711e-01
6.638424992561340332e-01
6.612991690635681152e-01
6.727670431137084961e-01
6.727670431137084961e-01
6.611722707748413086e-01
6.691269874572753906e-01
6.699525713920593262e-01
6.699525713920593262e-01
6.587893962860107422e-01
6.667389869689941406e-01
6.664636731147766113e-01
6.664636731147766113e-01
6.672027707099914551e-01
6.684576869010925293e-01
6.684576869010925293e-01
6.560341119766235352e-01
6.623067855834960938e-01
6.648865938186645508e-01
6.648865938186645508e-01
6.616391539573669434e-01
6.651853919029235840e-01
6.651853919029235840e-01
6.651853919029235840e-01
6.650490760803222656e-01
6.650756597518920898e-01
6.650756597518920898e-01
6.650756597518920898e-01
6.637942790985107422e-01
6.660359501838684082e-01
6.660359501838684082e-01
6.660359501838684082e-01
6.616007089614868164e-01
6.692430973052978516e-01
6.701177358627319336e-01
6.701177358627319336e-01
6.729259490966796875e-01
6.730613112449645996e-01
6.632026433944702148e-01
6.632026433944702148e-01
6.670762300491333008e-01
6.581947207450866699e-01
6.581947207450866699e-01
6.581947207450866699e-01
6.664500236511230469e-01
6.637120246887207031e-01
6.637120246887207031e-01
6.637120246887207031e-01
6.705034971237182617e-01
6.661571264266967773e-01
6.605675816535949707e-01
6.605675816535949707e-01
6.665436625480651855e-01
6.649822592735290527e-01
6.692716479301452637e-01
6.692716479301452637e-01
6.514984369277954102e-01
6.585513949394226074e-01
6.585513949394226074e-01
6.585513949394226074e-01
6.664043664932250977e-01
6.598663330078125000e-01
6.598663330078125000e-01
6.598663330078125000e-01
6.718850731849670410e-01
6.579096317291259766e-01
6.579096317291259766e-01
6.579096317291259766e-01
6.562781929969787598e-01
6.647958755493164062e-01
6.607385277748107910e-01
6.607385277748107910e-01
6.591547131538391113e-01
6.595469713211059570e-01
6.631845831871032715e-01
6.631845831871032715e-01
6.644471883773803711e-01
6.651919484138488770e-01
6.576527357101440430e-01
6.576527357101440430e-01
6.576527357101440430e-01
6.718147993087768555e-01
6.697508692741394043e-01
6.702063083648681641e-01
6.702063083648681641e-01
6.579937338829040527e-01
6.678220629692077637e-01
6.678220629692077637e-01
6.678220629692077637e-01
6.581672430038452148e-01
6.704213619232177734e-01
6.594940423965454102e-01
6.594940423965454102e-01
6.594940423965454102e-01
6.594367027282714844e-01
6.621499061584472656e-01
6.708815693855285645e-01
6.708815693855285645e-01
6.708815693855285645e-01
6.622031927108764648e-01
6.607913970947265625e-01
6.607913970947265625e-01
6.607913970947265625e-01
6.606676578521728516e-01
6.536299586296081543e-01
6.704546213150024414e-01
6.704546213150024414e-01
6.704546213150024414e-01
6.559804677963256836e-01
6.597421765327453613e-01
6.597421765327453613e-01
6.597421765327453613e-01
6.602690219879150391e-01
6.569985151290893555e-01
6.621362566947937012e-01
6.621362566947937012e-01
6.621362566947937012e-01
6.634128093719482422e-01
6.684122681617736816e-01
6.587455868721008301e-01
6.587455868721008301e-01
6.587455868721008301e-01
6.572651267051696777e-01
6.670801043510437012e-01
6.666879653930664062e-01
6.666879653930664062e-01
6.666879653930664062e-01
6.665845513343811035e-01
6.642962694168090820e-01
6.433641314506530762e-01
6.433641314506530762e-01
6.433641314506530762e-01
6.626088619232177734e-01
6.691989898681640625e-01
6.594835519790649414e-01
6.594835519790649414e-01
6.594835519790649414e-01
6.518644690513610840e-01
6.582136154174804688e-01
6.652933359146118164e-01
6.652933359146118164e-01
6.652933359146118164e-01
6.532130837440490723e-01
6.712176203727722168e-01
6.615046858787536621e-01
6.615046858787536621e-01
6.615046858787536621e-01
6.662101149559020996e-01
6.621010899543762207e-01
6.628605127334594727e-01
6.628605127334594727e-01
6.628605127334594727e-01
6.683636307716369629e-01
6.699135303497314453e-01
6.564782857894897461e-01
6.564782857894897461e-01
6.564782857894897461e-01
6.643140316009521484e-01
6.648640036582946777e-01
6.713355779647827148e-01
6.713355779647827148e-01
6.713355779647827148e-01
6.713355779647827148e-01
6.645179986953735352e-01
6.669953465461730957e-01
6.587110757827758789e-01
6.587110757827758789e-01
6.587110757827758789e-01
6.617068052291870117e-01
6.617068052291870117e-01
6.708807945251464844e-01
6.657952666282653809e-01
6.724410653114318848e-01
6.724410653114318848e-01
6.724410653114318848e-01
6.666008234024047852e-01
6.718238592147827148e-01
6.635434031486511230e-01
6.635434031486511230e-01
6.635434031486511230e-01
6.635434031486511230e-01
6.642767190933227539e-01
6.570371985435485840e-01
6.684029698371887207e-01
6.684029698371887207e-01
6.684029698371887207e-01
6.632679700851440430e-01
6.449920535087585449e-01
6.598384380340576172e-01
6.598384380340576172e-01
6.598384380340576172e-01
6.607801914215087891e-01
6.692495346069335938e-01
6.553947925567626953e-01
6.553947925567626953e-01
6.553947925567626953e-01
6.657188534736633301e-01
6.693737506866455078e-01
6.693737506866455078e-01
6.693737506866455078e-01
6.530178189277648926e-01
6.665795445442199707e-01
6.543977856636047363e-01
6.543977856636047363e-01
6.543977856636047363e-01
6.578775048255920410e-01
6.684204936027526855e-01
6.684204936027526855e-01
6.684204936027526855e-01
6.685507893562316895e-01
6.685507893562316895e-01
6.685507893562316895e-01
6.644035577774047852e-01
6.730774044990539551e-01
6.456419825553894043e-01
6.456419825553894043e-01
6.648126244544982910e-01
6.677240133285522461e-01
6.623075604438781738e-01
6.623075604438781738e-01
6.650622487068176270e-01
6.675605773925781250e-01
6.675605773925781250e-01
6.675605773925781250e-01
6.648137569427490234e-01
6.597371697425842285e-01
6.597371697425842285e-01
6.651561260223388672e-01
6.494392156600952148e-01
6.690403223037719727e-01
6.690403223037719727e-01
6.663172245025634766e-01
6.734349131584167480e-01
6.655626296997070312e-01
6.655626296997070312e-01
6.668367385864257812e-01
6.598959565162658691e-01
6.598959565162658691e-01
6.598959565162658691e-01
6.724736690521240234e-01
6.688290834426879883e-01
6.688290834426879883e-01
6.688290834426879883e-01
6.402372121810913086e-01
6.615149974822998047e-01
6.615149974822998047e-01
6.615149974822998047e-01
6.662247180938720703e-01
6.600883007049560547e-01
6.600883007049560547e-01
6.600883007049560547e-01
6.579241752624511719e-01
6.623790860176086426e-01
6.623790860176086426e-01
6.623790860176086426e-01
6.604111194610595703e-01
6.589168906211853027e-01
6.676058173179626465e-01
6.676058173179626465e-01
6.584838628768920898e-01
6.678169369697570801e-01
6.631270051002502441e-01
6.631270051002502441e-01
6.539933085441589355e-01
6.638030409812927246e-01
6.638030409812927246e-01
6.638030409812927246e-01
6.699819564819335938e-01
6.651850938796997070e-01
6.577020883560180664e-01
6.577020883560180664e-01
6.510639190673828125e-01
6.666274666786193848e-01
6.552866697311401367e-01
6.552866697311401367e-01
6.552866697311401367e-01
6.690884232521057129e-01
6.733808517456054688e-01
6.513667702674865723e-01
6.513667702674865723e-01
6.513667702674865723e-01
6.595631241798400879e-01
6.607343554496765137e-01
6.684156656265258789e-01
6.684156656265258789e-01
6.533678174018859863e-01
6.649803519248962402e-01
6.623137593269348145e-01
6.623137593269348145e-01
6.615113019943237305e-01
6.696906089782714844e-01
6.696906089782714844e-01
6.696906089782714844e-01
6.738049983978271484e-01
6.589553356170654297e-01
6.589553356170654297e-01
6.589553356170654297e-01
6.691521406173706055e-01
6.674488186836242676e-01
6.648664474487304688e-01
6.648664474487304688e-01
6.719166040420532227e-01
6.584483981132507324e-01
6.682086586952209473e-01
6.682086586952209473e-01
6.682086586952209473e-01
6.725423932075500488e-01
6.686609983444213867e-01
6.624506711959838867e-01
6.624506711959838867e-01
6.624506711959838867e-01
6.653463244438171387e-01
6.562004685401916504e-01
6.562004685401916504e-01
6.562004685401916504e-01
6.678460240364074707e-01
6.568261981010437012e-01
6.691793203353881836e-01
6.691793203353881836e-01
6.540310978889465332e-01
6.694669723510742188e-01
6.698098182678222656e-01
6.698098182678222656e-01
6.698098182678222656e-01
6.703283190727233887e-01
6.595647335052490234e-01
6.595647335052490234e-01
6.595647335052490234e-01
6.552120447158813477e-01
6.627168059349060059e-01
6.627168059349060059e-01
6.627168059349060059e-01
6.720412969589233398e-01
6.466036438941955566e-01
6.466036438941955566e-01
6.466036438941955566e-01
6.608359217643737793e-01
6.654212474822998047e-01
6.654212474822998047e-01
6.653680205345153809e-01
6.682555079460144043e-01
6.682555079460144043e-01
6.682555079460144043e-01
6.713409423828125000e-01
6.504892110824584961e-01
6.504892110824584961e-01
6.504892110824584961e-01
6.692267656326293945e-01
6.685999631881713867e-01
6.522887945175170898e-01
6.522887945175170898e-01
6.522887945175170898e-01
6.540021300315856934e-01
6.709344387054443359e-01
6.709344387054443359e-01
6.709344387054443359e-01
6.676265001296997070e-01
6.660287976264953613e-01
6.576229929924011230e-01
6.576229929924011230e-01
6.576229929924011230e-01
6.597681641578674316e-01
6.509851813316345215e-01
6.509851813316345215e-01
6.509851813316345215e-01
6.700478792190551758e-01
6.626042127609252930e-01
6.610933542251586914e-01
6.610933542251586914e-01
6.568714976310729980e-01
6.613538265228271484e-01
6.613538265228271484e-01
6.613538265228271484e-01
6.594922542572021484e-01
6.702411174774169922e-01
6.702411174774169922e-01
6.615608930587768555e-01
6.545258164405822754e-01
6.545258164405822754e-01
6.545258164405822754e-01
6.611981987953186035e-01
6.672092080116271973e-01
6.672092080116271973e-01
6.672092080116271973e-01
6.626045703887939453e-01
6.656012535095214844e-01
6.656012535095214844e-01
6.714825034141540527e-01
6.621266007423400879e-01
6.621266007423400879e-01
6.621266007423400879e-01
6.631345748901367188e-01
6.616536378860473633e-01
6.698516011238098145e-01
6.698516011238098145e-01
6.698516011238098145e-01
6.631351709365844727e-01
6.647278666496276855e-01
6.647278666496276855e-01
6.647278666496276855e-01
6.670334339141845703e-01
6.690827608108520508e-01
6.653788685798645020e-01
6.653788685798645020e-01
6.653788685798645020e-01
6.584317088127136230e-01
6.673541665077209473e-01
6.628374457359313965e-01
6.628374457359313965e-01
6.628374457359313965e-01
6.628374457359313965e-01
6.644243597984313965e-01
6.625251173973083496e-01
6.625251173973083496e-01
6.625251173973083496e-01
6.622686386108398438e-01
6.613593101501464844e-01
6.551899313926696777e-01
6.551899313926696777e-01
6.551899313926696777e-01
6.634106040000915527e-01
6.562154293060302734e-01
6.562154293060302734e-01
6.562154293060302734e-01
6.649761199951171875e-01
6.713865399360656738e-01
6.713865399360656738e-01
6.591954231262207031e-01
6.571491956710815430e-01
6.571491956710815430e-01
6.576383113861083984e-01
6.706250905990600586e-01
6.607904434204101562e-01
6.607904434204101562e-01
6.612696647644042969e-01
6.615939140319824219e-01
6.615939140319824219e-01
6.597683429718017578e-01
6.692355275154113770e-01
6.619507670402526855e-01
6.619507670402526855e-01
6.579490303993225098e-01
6.684073209762573242e-01
6.684073209762573242e-01
6.515305042266845703e-01
6.420385837554931641e-01
6.420385837554931641e-01
6.420385837554931641e-01
6.612308025360107422e-01
6.657851338386535645e-01
6.657851338386535645e-01
6.657851338386535645e-01
6.572960615158081055e-01
6.498506665229797363e-01
6.498506665229797363e-01
6.722188591957092285e-01
6.689274311065673828e-01
6.689274311065673828e-01
6.589806675910949707e-01
6.664962172508239746e-01
6.664962172508239746e-01
6.664962172508239746e-01
6.721789240837097168e-01
6.676201820373535156e-01
6.676201820373535156e-01
6.590752601623535156e-01
6.691352128982543945e-01
6.691352128982543945e-01
6.691352128982543945e-01
6.656459569931030273e-01
6.699451804161071777e-01
6.699451804161071777e-01
6.699451804161071777e-01
6.660632491111755371e-01
6.691240668296813965e-01
6.691240668296813965e-01
6.633972525596618652e-01
6.685998439788818359e-01
6.676601767539978027e-01
6.676601767539978027e-01
6.631693840026855469e-01
6.724003553390502930e-01
6.724003553390502930e-01
6.567203402519226074e-01
6.642732024192810059e-01
6.642732024192810059e-01
6.642732024192810059e-01
6.651124358177185059e-01
6.646009683609008789e-01
6.646009683609008789e-01
6.691913604736328125e-01
6.640765070915222168e-01
6.640765070915222168e-01
6.640765070915222168e-01
6.585037708282470703e-01
6.668779850006103516e-01
6.668779850006103516e-01
6.668779850006103516e-01
6.740667223930358887e-01
6.592618227005004883e-01
6.592618227005004883e-01
6.592618227005004883e-01
6.662644743919372559e-01
6.679016947746276855e-01
6.679016947746276855e-01
6.655254364013671875e-01
6.732206344604492188e-01
6.732206344604492188e-01
6.732206344604492188e-01
6.635125875473022461e-01
6.704711914062500000e-01
6.704711914062500000e-01
6.704711914062500000e-01
6.651901006698608398e-01
6.592196226119995117e-01
6.591205000877380371e-01
6.591205000877380371e-01
6.642332077026367188e-01
6.589016914367675781e-01
6.631017327308654785e-01
6.631017327308654785e-01
6.709322929382324219e-01
6.676207184791564941e-01
6.676207184791564941e-01
6.583511233329772949e-01
6.607449054718017578e-01
6.607449054718017578e-01
6.607449054718017578e-01
6.654098629951477051e-01
6.673914194107055664e-01
6.673914194107055664e-01
6.634778380393981934e-01
6.628617048263549805e-01
6.628617048263549805e-01
6.607540249824523926e-01
6.586683988571166992e-01
6.586683988571166992e-01
6.586683988571166992e-01
6.615734100341796875e-01
6.548561453819274902e-01
6.650218367576599121e-01
6.650218367576599121e-01
6.646752357482910156e-01
6.622622609138488770e-01
6.622622609138488770e-01
6.622622609138488770e-01
6.619400382041931152e-01
6.718781590461730957e-01
6.718781590461730957e-01
6.718781590461730957e-01
6.691951751708984375e-01
6.696109175682067871e-01
6.639258265495300293e-01
6.639258265495300293e-01
6.639258265495300293e-01
6.648065447807312012e-01
6.659585237503051758e-01
6.659585237503051758e-01
6.659585237503051758e-01
6.662050485610961914e-01
6.623403429985046387e-01
6.623403429985046387e-01
6.623403429985046387e-01
6.609073281288146973e-01
6.684482097625732422e-01
6.611837744712829590e-01
6.611837744712829590e-01
6.611837744712829590e-01
6.633386611938476562e-01
6.485080718994140625e-01
6.485080718994140625e-01
6.485080718994140625e-01
6.670061945915222168e-01
6.647394895553588867e-01
6.647394895553588867e-01
6.647394895553588867e-01
6.689413785934448242e-01
6.652160882949829102e-01
6.652160882949829102e-01
6.652160882949829102e-01
6.569930315017700195e-01
6.618398427963256836e-01
6.780152320861816406e-01
6.780152320861816406e-01
6.780152320861816406e-01
6.625791788101196289e-01
6.673758625984191895e-01
6.724635362625122070e-01
6.724635362625122070e-01
6.724635362625122070e-01
6.724635362625122070e-01
6.601852178573608398e-01
6.709879636764526367e-01
6.709879636764526367e-01
6.709879636764526367e-01
6.713342070579528809e-01
6.597855091094970703e-01
6.597855091094970703e-01
6.539725661277770996e-01
6.593612432479858398e-01
6.593612432479858398e-01
6.593612432479858398e-01
6.674816012382507324e-01
6.553153395652770996e-01
6.553153395652770996e-01
6.553153395652770996e-01
6.705881357192993164e-01
6.567680835723876953e-01
6.575984954833984375e-01
6.575984954833984375e-01
6.653784513473510742e-01
6.703633069992065430e-01
6.703633069992065430e-01
6.703633069992065430e-01
6.618169546127319336e-01
6.512703895568847656e-01
6.587553024291992188e-01
6.587553024291992188e-01
