1.000000000000000000e+00
1.000000000000000000e+00
1.000000000000000000e+00
1.000000000000000000e+00
1.000000000000000000e+00
1.000000000000000000e+00
2.076659798622131348e-01
2.171494364738464355e-01
2.378052920103073120e-01
2.226019203662872314e-01
2.194992750883102417e-01
2.264847308397293091e-01
2.237424999475479126e-01
2.237424999475479126e-01
2.310533225536346436e-01
2.230242043733596802e-01
2.230242043733596802e-01
2.133776843547821045e-01
2.327681183815002441e-01
2.327681183815002441e-01
2.348974347114562988e-01
2.280088365077972412e-01
2.280088365077972412e-01
2.312192469835281372e-01
2.404404431581497192e-01
2.404404431581497192e-01
2.301926165819168091e-01
2.235268652439117432e-01
2.235268652439117432e-01
2.271019220352172852e-01
2.188790291547775269e-01
2.188790291547775269e-01
2.084715515375137329e-01
2.415634244680404663e-01
2.415634244680404663e-01
2.238958925008773804e-01
2.267801612615585327e-01
2.267801612615585327e-01
2.386313825845718384e-01
2.327315658330917358e-01
2.327315658330917358e-01
2.230828553438186646e-01
2.045637220144271851e-01
2.045637220144271851e-01
2.177603840827941895e-01
2.177603840827941895e-01
1.995599865913391113e-01
2.221541404724121094e-01
2.246497869491577148e-01
2.246497869491577148e-01
2.246497869491577148e-01
2.181181311607360840e-01
2.303751409053802490e-01
2.376005053520202637e-01
2.376005053520202637e-01
2.376005053520202637e-01
2.266629487276077271e-01
2.303933501243591309e-01
2.303933501243591309e-01
2.236567586660385132e-01
2.241107970476150513e-01
2.307865768671035767e-01
2.307865768671035767e-01
2.055030465126037598e-01
2.301513105630874634e-01
2.341654598712921143e-01
2.341654598712921143e-01
2.260230928659439087e-01
2.206069678068161011e-01
2.206069678068161011e-01
2.198628187179565430e-01
2.342924922704696655e-01
2.342924922704696655e-01
2.277830690145492554e-01
2.173297405242919922e-01
2.173297405242919922e-01
2.260366082191467285e-01
2.199373096227645874e-01
2.153211086988449097e-01
2.304548919200897217e-01
2.304548919200897217e-01
2.242034226655960083e-01
2.202610820531845093e-01
2.202610820531845093e-01
2.103046923875808716e-01
2.316828668117523193e-01
2.316828668117523193e-01
2.207915335893630981e-01
2.157759666442871094e-01
2.157759666442871094e-01
2.228655666112899780e-01
2.306384742259979248e-01
2.306384742259979248e-01
2.237422168254852295e-01
2.237422168254852295e-01
2.170303165912628174e-01
2.392733842134475708e-01
2.392733842134475708e-01
2.283729463815689087e-01
2.235357463359832764e-01
2.235357463359832764e-01
2.287191152572631836e-01
2.251690924167633057e-01
2.251690924167633057e-01
2.296780943870544434e-01
2.160634249448776245e-01
2.160634249448776245e-01
2.281006872653961182e-01
2.263352423906326294e-01
2.263352423906326294e-01
1.997583359479904175e-01
2.299713641405105591e-01
2.299713641405105591e-01
2.348743826150894165e-01
2.351744174957275391e-01
2.351744174957275391e-01
2.232016474008560181e-01
2.239167392253875732e-01
2.143908292055130005e-01
2.199732065200805664e-01
2.130315303802490234e-01
2.130315303802490234e-01
2.185773551464080811e-01
2.157953530550003052e-01
2.157953530550003052e-01
2.188871949911117554e-01
2.211207747459411621e-01
2.211207747459411621e-01
2.202538251876831055e-01
2.106015682220458984e-01
2.106015682220458984e-01
2.284113615751266479e-01
2.279856204986572266e-01
2.253213971853256226e-01
2.253213971853256226e-01
2.253213971853256226e-01
2.206260859966278076e-01
2.193418443202972412e-01
2.193418443202972412e-01
2.344220727682113647e-01
2.234757393598556519e-01
2.234757393598556519e-01
2.234757393598556519e-01
2.304376959800720215e-01
2.272969484329223633e-01
2.272969484329223633e-01
2.272969484329223633e-01
2.272969484329223633e-01
2.394001185894012451e-01
2.250137329101562500e-01
2.250137329101562500e-01
2.250137329101562500e-01
2.250137329101562500e-01
2.259900271892547607e-01
2.316387593746185303e-01
2.359162420034408569e-01
2.359162420034408569e-01
2.359162420034408569e-01
2.111974060535430908e-01
2.254530340433120728e-01
2.254530340433120728e-01
2.307619303464889526e-01
2.139953374862670898e-01
2.238484770059585571e-01
2.238484770059585571e-01
2.189827412366867065e-01
2.218535840511322021e-01
2.218535840511322021e-01
2.039599418640136719e-01
2.395893186330795288e-01
2.395893186330795288e-01
2.395893186330795288e-01
2.260057032108306885e-01
2.253036648035049438e-01
2.253036648035049438e-01
2.223961502313613892e-01
2.126174569129943848e-01
2.265809625387191772e-01
2.265809625387191772e-01
2.255966812372207642e-01
2.249595373868942261e-01
2.137303352355957031e-01
2.137303352355957031e-01
2.137303352355957031e-01
2.220924198627471924e-01
2.290801554918289185e-01
2.197433114051818848e-01
2.197433114051818848e-01
2.197433114051818848e-01
2.271067649126052856e-01
2.152590602636337280e-01
2.152590602636337280e-01
2.095645964145660400e-01
2.339306771755218506e-01
2.376805990934371948e-01
2.376805990934371948e-01
2.376805990934371948e-01
2.166341543197631836e-01
2.235318571329116821e-01
2.235318571329116821e-01
2.302259802818298340e-01
2.272796779870986938e-01
2.272796779870986938e-01
2.301747798919677734e-01
2.313361316919326782e-01
2.313361316919326782e-01
2.168700248003005981e-01
2.200271040201187134e-01
2.200271040201187134e-01
2.200271040201187134e-01
2.284504771232604980e-01
2.248386293649673462e-01
2.248386293649673462e-01
2.169298678636550903e-01
2.155706137418746948e-01
2.155706137418746948e-01
2.270233482122421265e-01
2.168009281158447266e-01
2.168009281158447266e-01
2.300419509410858154e-01
2.237823754549026489e-01
2.237823754549026489e-01
2.403415292501449585e-01
2.242044955492019653e-01
2.112700194120407104e-01
2.112700194120407104e-01
2.298284769058227539e-01
2.195033282041549683e-01
2.195033282041549683e-01
2.310133576393127441e-01
2.208046168088912964e-01
2.208046168088912964e-01
2.191808819770812988e-01
2.108695209026336670e-01
2.108695209026336670e-01
2.176885157823562622e-01
2.164291441440582275e-01
2.164291441440582275e-01
2.329043149948120117e-01
2.357458025217056274e-01
2.357458025217056274e-01
2.357458025217056274e-01
2.139689326286315918e-01
2.276931703090667725e-01
2.276931703090667725e-01
2.234720140695571899e-01
2.336503565311431885e-01
2.336503565311431885e-01
2.227166146039962769e-01
2.209355384111404419e-01
2.209355384111404419e-01
2.205846309661865234e-01
2.261755317449569702e-01
2.261755317449569702e-01
2.261755317449569702e-01
2.253687381744384766e-01
2.257010042667388916e-01
2.257010042667388916e-01
2.203813791275024414e-01
2.297335267066955566e-01
2.297335267066955566e-01
2.297335267066955566e-01
2.313686758279800415e-01
2.299275547266006470e-01
2.299275547266006470e-01
2.297091335058212280e-01
2.239542305469512939e-01
2.239542305469512939e-01
2.219725400209426880e-01
2.170248627662658691e-01
2.170248627662658691e-01
2.327957302331924438e-01
2.190631330013275146e-01
2.190631330013275146e-01
2.109544873237609863e-01
2.380815148353576660e-01
2.380815148353576660e-01
2.380815148353576660e-01
2.060235589742660522e-01
2.199166715145111084e-01
2.199166715145111084e-01
2.256044149398803711e-01
2.272103726863861084e-01
2.272103726863861084e-01
2.135118544101715088e-01
2.254091352224349976e-01
2.254091352224349976e-01
2.284684628248214722e-01
2.302421182394027710e-01
2.302421182394027710e-01
2.397222220897674561e-01
2.200242578983306885e-01
2.200242578983306885e-01
2.154282331466674805e-01
2.010602355003356934e-01
2.010602355003356934e-01
2.195353209972381592e-01
2.059060335159301758e-01
2.136159837245941162e-01
2.136159837245941162e-01
2.122688144445419312e-01
2.289250344038009644e-01
2.289250344038009644e-01
2.289250344038009644e-01
2.297631204128265381e-01
2.289876192808151245e-01
2.289876192808151245e-01
2.289876192808151245e-01
2.347793430089950562e-01
2.222673594951629639e-01
2.222673594951629639e-01
2.221061587333679199e-01
2.315401434898376465e-01
2.277855128049850464e-01
2.277855128049850464e-01
2.111766785383224487e-01
2.172058522701263428e-01
2.172058522701263428e-01
2.172058522701263428e-01
2.219413071870803833e-01
2.203381359577178955e-01
2.203381359577178955e-01
2.203381359577178955e-01
2.261619269847869873e-01
2.388108968734741211e-01
2.388108968734741211e-01
2.388108968734741211e-01
2.143951803445816040e-01
2.078108340501785278e-01
2.078108340501785278e-01
2.197985649108886719e-01
2.191426903009414673e-01
2.231917679309844971e-01
2.231917679309844971e-01
2.076109051704406738e-01
2.318104356527328491e-01
2.318104356527328491e-01
2.379882633686065674e-01
2.266336232423782349e-01
2.266336232423782349e-01
2.116588354110717773e-01
2.150375694036483765e-01
2.150375694036483765e-01
2.150375694036483765e-01
2.184452116489410400e-01
2.114310860633850098e-01
2.114310860633850098e-01
2.239766120910644531e-01
2.333356291055679321e-01
2.333356291055679321e-01
2.343297153711318970e-01
2.316205203533172607e-01
2.316205203533172607e-01
2.218355834484100342e-01
2.295501381158828735e-01
2.295501381158828735e-01
2.233580499887466431e-01
2.018331736326217651e-01
2.018331736326217651e-01
2.334280759096145630e-01
2.159009277820587158e-01
2.159009277820587158e-01
2.090643197298049927e-01
2.392381429672241211e-01
2.392381429672241211e-01
2.214585393667221069e-01
2.200813144445419312e-01
2.200813144445419312e-01
2.200813144445419312e-01
2.207374274730682373e-01
2.183725535869598389e-01
2.183725535869598389e-01
2.442441284656524658e-01
2.163387238979339600e-01
2.163387238979339600e-01
2.033775448799133301e-01
2.346581518650054932e-01
2.346581518650054932e-01
2.082677036523818970e-01
2.192968130111694336e-01
2.192968130111694336e-01
2.231775671243667603e-01
2.029024660587310791e-01
2.029024660587310791e-01
2.176454067230224609e-01
2.118899673223495483e-01
2.118899673223495483e-01
2.175262868404388428e-01
2.207407206296920776e-01
2.207407206296920776e-01
2.207407206296920776e-01
2.165882289409637451e-01
2.233359962701797485e-01
2.233359962701797485e-01
2.046233564615249634e-01
2.322869151830673218e-01
2.322869151830673218e-01
2.128539085388183594e-01
2.253584712743759155e-01
2.253584712743759155e-01
2.194179594516754150e-01
2.332017570734024048e-01
2.332017570734024048e-01
2.025821208953857422e-01
2.232177406549453735e-01
2.232177406549453735e-01
2.232177406549453735e-01
2.238603979349136353e-01
2.308832108974456787e-01
2.308832108974456787e-01
2.215918302536010742e-01
2.200774997472763062e-01
2.200774997472763062e-01
2.142055779695510864e-01
2.330323606729507446e-01
2.330323606729507446e-01
2.046793550252914429e-01
2.344424128532409668e-01
2.344424128532409668e-01
2.249711155891418457e-01
2.172466516494750977e-01
2.172466516494750977e-01
2.058286517858505249e-01
2.332309931516647339e-01
2.332309931516647339e-01
2.332309931516647339e-01
2.262798100709915161e-01
2.389995604753494263e-01
2.389995604753494263e-01
2.298522293567657471e-01
2.172865420579910278e-01
2.172865420579910278e-01
2.274975478649139404e-01
2.188535928726196289e-01
2.188535928726196289e-01
2.402574419975280762e-01
2.161855548620223999e-01
2.161855548620223999e-01
2.161855548620223999e-01
2.242793440818786621e-01
2.305570095777511597e-01
2.305570095777511597e-01
2.090634107589721680e-01
2.250316143035888672e-01
2.253620028495788574e-01
2.253620028495788574e-01
2.152898609638214111e-01
2.176229357719421387e-01
2.176229357719421387e-01
2.176229357719421387e-01
2.196432054042816162e-01
2.355332821607589722e-01
2.355332821607589722e-01
2.289612293243408203e-01
2.332408428192138672e-01
2.332408428192138672e-01
2.203240394592285156e-01
2.275545746088027954e-01
2.275545746088027954e-01
2.228647917509078979e-01
2.264595329761505127e-01
2.264595329761505127e-01
2.322429567575454712e-01
2.223303318023681641e-01
2.223303318023681641e-01
2.163570225238800049e-01
2.367650568485260010e-01
2.367650568485260010e-01
2.410265952348709106e-01
2.334051579236984253e-01
2.334051579236984253e-01
2.334051579236984253e-01
2.256874442100524902e-01
2.201991975307464600e-01
2.201991975307464600e-01
2.337007671594619751e-01
2.131747007369995117e-01
2.131747007369995117e-01
2.175169140100479126e-01
2.287491261959075928e-01
2.287491261959075928e-01
2.202304452657699585e-01
2.214681804180145264e-01
2.214681804180145264e-01
2.058870494365692139e-01
2.188138067722320557e-01
2.188138067722320557e-01
2.216837704181671143e-01
2.321666777133941650e-01
2.321666777133941650e-01
2.321666777133941650e-01
2.311843633651733398e-01
2.369847446680068970e-01
2.369847446680068970e-01
2.052776962518692017e-01
2.287990748882293701e-01
2.287990748882293701e-01
2.294421046972274780e-01
2.184667289257049561e-01
2.184667289257049561e-01
2.316674888134002686e-01
2.386039495468139648e-01
2.168872803449630737e-01
2.168872803449630737e-01
2.336617112159729004e-01
2.136291712522506714e-01
2.136291712522506714e-01
2.089753448963165283e-01
2.080211788415908813e-01
2.080211788415908813e-01
2.299079298973083496e-01
2.301002591848373413e-01
2.301002591848373413e-01
2.143280357122421265e-01
2.196541428565979004e-01
2.196541428565979004e-01
2.219509929418563843e-01
2.132333368062973022e-01
2.132333368062973022e-01
2.200643718242645264e-01
2.213243395090103149e-01
2.269728183746337891e-01
2.269728183746337891e-01
2.185756862163543701e-01
2.273845672607421875e-01
2.273845672607421875e-01
2.273845672607421875e-01
2.214483618736267090e-01
2.194465547800064087e-01
2.194465547800064087e-01
2.255683243274688721e-01
2.225257456302642822e-01
2.225257456302642822e-01
2.225257456302642822e-01
2.332786619663238525e-01
2.241445183753967285e-01
2.241445183753967285e-01
2.241445183753967285e-01
2.201110124588012695e-01
2.231151610612869263e-01
2.231151610612869263e-01
2.220375388860702515e-01
2.227962017059326172e-01
2.317770123481750488e-01
2.317770123481750488e-01
2.324515134096145630e-01
2.352651506662368774e-01
2.352651506662368774e-01
2.271245419979095459e-01
2.081612497568130493e-01
2.081612497568130493e-01
2.186204046010971069e-01
2.237555235624313354e-01
2.237555235624313354e-01
2.260243296623229980e-01
2.286655902862548828e-01
2.286655902862548828e-01
2.255902290344238281e-01
2.139448225498199463e-01
2.139448225498199463e-01
2.105763852596282959e-01
2.285440862178802490e-01
2.285440862178802490e-01
2.249652594327926636e-01
2.272467762231826782e-01
2.272467762231826782e-01
2.244552224874496460e-01
2.131287008523941040e-01
2.131287008523941040e-01
2.301681488752365112e-01
2.126723080873489380e-01
2.126723080873489380e-01
2.357721328735351562e-01
2.247224599123001099e-01
2.247224599123001099e-01
2.101969420909881592e-01
2.200310081243515015e-01
2.200310081243515015e-01
2.289657443761825562e-01
2.330379039049148560e-01
2.330379039049148560e-01
2.227080166339874268e-01
2.169567793607711792e-01
2.169567793607711792e-01
2.379643321037292480e-01
2.074970901012420654e-01
2.074970901012420654e-01
2.254048138856887817e-01
2.314620018005371094e-01
2.314620018005371094e-01
2.176836878061294556e-01
2.302772402763366699e-01
2.302772402763366699e-01
2.263132333755493164e-01
2.221304476261138916e-01
2.221304476261138916e-01
2.321675121784210205e-01
2.161700725555419922e-01
2.161700725555419922e-01
2.163910567760467529e-01
2.116169631481170654e-01
2.116169631481170654e-01
2.241127938032150269e-01
2.335560321807861328e-01
2.335560321807861328e-01
2.258173227310180664e-01
2.296525686979293823e-01
2.296525686979293823e-01
2.150922864675521851e-01
2.272516489028930664e-01
2.272516489028930664e-01
2.138698101043701172e-01
1.996902525424957275e-01
1.996902525424957275e-01
2.067189812660217285e-01
2.162067145109176636e-01
2.162067145109176636e-01
2.311570942401885986e-01
2.301838696002960205e-01
2.301838696002960205e-01
2.287614494562149048e-01
2.128993123769760132e-01
2.128993123769760132e-01
2.267993837594985962e-01
2.102079242467880249e-01
2.102079242467880249e-01
2.245654612779617310e-01
2.186690121889114380e-01
2.186690121889114380e-01
2.328857034444808960e-01
2.100075632333755493e-01
2.100075632333755493e-01
2.156339287757873535e-01
2.246466428041458130e-01
2.246466428041458130e-01
2.212958186864852905e-01
2.132965028285980225e-01
2.132965028285980225e-01
2.216487228870391846e-01
2.159794270992279053e-01
2.159794270992279053e-01
2.177283614873886108e-01
2.272104322910308838e-01
2.272104322910308838e-01
2.221392989158630371e-01
2.386802732944488525e-01
2.386802732944488525e-01
2.314519584178924561e-01
2.051907926797866821e-01
2.051907926797866821e-01
2.388648390769958496e-01
2.303636670112609863e-01
2.303636670112609863e-01
2.263194471597671509e-01
2.162969112396240234e-01
2.162969112396240234e-01
2.320165932178497314e-01
2.265643030405044556e-01
2.265643030405044556e-01
2.305320948362350464e-01
2.154321223497390747e-01
2.154321223497390747e-01
2.172826081514358521e-01
2.340482026338577271e-01
2.340482026338577271e-01
2.169272452592849731e-01
2.036312967538833618e-01
2.036312967538833618e-01
2.238301783800125122e-01
2.260937243700027466e-01
2.260937243700027466e-01
2.366226315498352051e-01
2.252890765666961670e-01
2.252890765666961670e-01
2.306076884269714355e-01
2.273676544427871704e-01
2.273676544427871704e-01
2.266758084297180176e-01
2.256964147090911865e-01
2.256964147090911865e-01
2.343463152647018433e-01
2.228333950042724609e-01
2.228333950042724609e-01
2.213503569364547729e-01
2.171756029129028320e-01
2.171756029129028320e-01
2.155647724866867065e-01
2.107497602701187134e-01
2.107497602701187134e-01
2.178184539079666138e-01
2.016678005456924438e-01
2.016678005456924438e-01
2.222031652927398682e-01
2.334270924329757690e-01
2.334270924329757690e-01
2.201549708843231201e-01
2.302067726850509644e-01
2.302067726850509644e-01
2.232635915279388428e-01
2.246531546115875244e-01
2.246531546115875244e-01
2.314639240503311157e-01
2.354715317487716675e-01
2.354715317487716675e-01
2.217133343219757080e-01
2.230342924594879150e-01
2.230342924594879150e-01
2.237296849489212036e-01
2.077675163745880127e-01
2.077675163745880127e-01
2.244370728731155396e-01
2.325242012739181519e-01
2.325242012739181519e-01
2.363704890012741089e-01
2.285345196723937988e-01
2.285345196723937988e-01
2.070656567811965942e-01
2.140219509601593018e-01
2.326945364475250244e-01
2.204435765743255615e-01
1.998448371887207031e-01
1.998448371887207031e-01
2.263673543930053711e-01
2.217472791671752930e-01
2.217472791671752930e-01
2.100326120853424072e-01
2.229121476411819458e-01
2.229121476411819458e-01
2.204631268978118896e-01
2.247244268655776978e-01
2.247244268655776978e-01
2.290069907903671265e-01
2.272338718175888062e-01
2.272338718175888062e-01
2.314901351928710938e-01
2.235885411500930786e-01
2.235885411500930786e-01
2.352678477764129639e-01
2.233857214450836182e-01
2.233857214450836182e-01
2.315441519021987915e-01
2.089444100856781006e-01
2.089444100856781006e-01
2.336512058973312378e-01
2.378689199686050415e-01
2.378689199686050415e-01
2.125891298055648804e-01
2.351160943508148193e-01
2.351160943508148193e-01
2.408692389726638794e-01
2.227127104997634888e-01
2.227127104997634888e-01
2.131291627883911133e-01
2.192751169204711914e-01
2.192751169204711914e-01
2.230678498744964600e-01
2.471816241741180420e-01
2.471816241741180420e-01
2.220778167247772217e-01
2.256187796592712402e-01
2.256187796592712402e-01
2.320865392684936523e-01
2.224442064762115479e-01
2.224442064762115479e-01
2.299232184886932373e-01
2.242499291896820068e-01
2.242499291896820068e-01
2.334543615579605103e-01
2.148511707782745361e-01
2.148511707782745361e-01
2.382833659648895264e-01
2.213282436132431030e-01
2.213282436132431030e-01
2.286536097526550293e-01
2.224765866994857788e-01
2.224765866994857788e-01
2.149879932403564453e-01
2.203969806432723999e-01
2.203969806432723999e-01
2.190972417593002319e-01
2.212824076414108276e-01
2.212824076414108276e-01
2.230718135833740234e-01
2.231491804122924805e-01
2.231491804122924805e-01
2.245160043239593506e-01
2.267868071794509888e-01
2.267868071794509888e-01
2.223510742187500000e-01
2.249102145433425903e-01
2.249102145433425903e-01
2.240499705076217651e-01
2.325870841741561890e-01
2.325870841741561890e-01
2.246359139680862427e-01
2.347523719072341919e-01
2.347523719072341919e-01
2.303485274314880371e-01
2.325216084718704224e-01
2.325216084718704224e-01
2.168436199426651001e-01
2.288724780082702637e-01
2.288724780082702637e-01
2.202815711498260498e-01
2.281607985496520996e-01
2.281607985496520996e-01
2.326568812131881714e-01
2.137911170721054077e-01
2.137911170721054077e-01
2.225245088338851929e-01
2.300045341253280640e-01
2.300045341253280640e-01
2.284988462924957275e-01
2.282354831695556641e-01
2.282354831695556641e-01
2.226911336183547974e-01
2.170015722513198853e-01
2.170015722513198853e-01
2.120672911405563354e-01
2.288551926612854004e-01
2.288551926612854004e-01
2.034988105297088623e-01
2.212248295545578003e-01
2.212248295545578003e-01
2.164107710123062134e-01
2.315487116575241089e-01
2.315487116575241089e-01
2.220259457826614380e-01
2.320632934570312500e-01
2.320632934570312500e-01
2.241557240486145020e-01
2.150713354349136353e-01
2.150713354349136353e-01
2.222754508256912231e-01
2.220918983221054077e-01
2.220918983221054077e-01
2.371097654104232788e-01
2.326357662677764893e-01
2.326357662677764893e-01
2.388415485620498657e-01
2.195681929588317871e-01
2.195681929588317871e-01
2.268961519002914429e-01
2.274879962205886841e-01
2.274879962205886841e-01
2.345812618732452393e-01
2.175009101629257202e-01
2.175009101629257202e-01
2.170255482196807861e-01
2.249574214220046997e-01
2.249574214220046997e-01
2.241221517324447632e-01
2.225019186735153198e-01
2.225019186735153198e-01
2.256003022193908691e-01
2.099725604057312012e-01
2.099725604057312012e-01
2.208901494741439819e-01
2.256866395473480225e-01
2.256866395473480225e-01
2.180073559284210205e-01
2.262807488441467285e-01
2.262807488441467285e-01
2.259308993816375732e-01
2.232528775930404663e-01
2.232528775930404663e-01
2.251559197902679443e-01
2.252599596977233887e-01
2.252599596977233887e-01
2.343651205301284790e-01
2.418780177831649780e-01
2.418780177831649780e-01
2.418780177831649780e-01
2.123986035585403442e-01
2.316995263099670410e-01
2.316995263099670410e-01
2.219403386116027832e-01
2.305851131677627563e-01
2.305851131677627563e-01
2.193277776241302490e-01
2.227423638105392456e-01
2.227423638105392456e-01
2.350951135158538818e-01
2.289394736289978027e-01
2.289394736289978027e-01
2.249853909015655518e-01
2.215479612350463867e-01
2.215479612350463867e-01
2.230685800313949585e-01
2.230685800313949585e-01
2.198668569326400757e-01
2.194753736257553101e-01
2.194753736257553101e-01
2.226479053497314453e-01
2.301541119813919067e-01
2.301541119813919067e-01
2.153589129447937012e-01
2.113400101661682129e-01
2.113400101661682129e-01
2.274897992610931396e-01
2.230364084243774414e-01
2.230364084243774414e-01
2.200594246387481689e-01
2.379083633422851562e-01
2.379083633422851562e-01
2.203707993030548096e-01
2.188139110803604126e-01
2.188139110803604126e-01
2.293238639831542969e-01
2.317758500576019287e-01
2.317758500576019287e-01
2.028583437204360962e-01
2.130175977945327759e-01
2.130175977945327759e-01
2.348054647445678711e-01
2.159325629472732544e-01
2.159325629472732544e-01
2.308845371007919312e-01
2.366951406002044678e-01
2.366951406002044678e-01
2.172559350728988647e-01
2.227195948362350464e-01
2.227195948362350464e-01
2.214760482311248779e-01
2.170926481485366821e-01
2.170926481485366821e-01
2.254358083009719849e-01
2.154258191585540771e-01
2.154258191585540771e-01
2.154258191585540771e-01
2.185297310352325439e-01
2.228729575872421265e-01
2.228729575872421265e-01
2.166691571474075317e-01
2.139874845743179321e-01
2.139874845743179321e-01
2.358888387680053711e-01
2.261658608913421631e-01
2.261658608913421631e-01
2.261658608913421631e-01
2.348629683256149292e-01
2.166433334350585938e-01
2.166433334350585938e-01
2.166433334350585938e-01
2.225960493087768555e-01
2.225960493087768555e-01
2.225960493087768555e-01
2.064081430435180664e-01
2.064081430435180664e-01
2.241341620683670044e-01
2.187492251396179199e-01
2.187492251396179199e-01
2.187577635049819946e-01
2.028975784778594971e-01
2.028975784778594971e-01
2.201877534389495850e-01
2.346727848052978516e-01
2.346727848052978516e-01
2.240999490022659302e-01
2.190494537353515625e-01
2.190494537353515625e-01
2.384046465158462524e-01
2.307635247707366943e-01
2.307635247707366943e-01
2.260103970766067505e-01
2.287614792585372925e-01
2.287614792585372925e-01
2.135983258485794067e-01
2.189317643642425537e-01
2.189317643642425537e-01
2.385770827531814575e-01
2.224099636077880859e-01
2.224099636077880859e-01
2.175372689962387085e-01
2.125013172626495361e-01
2.125013172626495361e-01
2.125013172626495361e-01
2.278830707073211670e-01
2.142921984195709229e-01
2.142921984195709229e-01
2.377400100231170654e-01
2.215742766857147217e-01
2.215742766857147217e-01
2.414765805006027222e-01
2.234574109315872192e-01
2.234574109315872192e-01
2.180602401494979858e-01
2.248958945274353027e-01
2.248958945274353027e-01
2.284001559019088745e-01
2.224162667989730835e-01
2.224162667989730835e-01
2.306997328996658325e-01
2.306997328996658325e-01
2.301346510648727417e-01
2.314161956310272217e-01
2.314161956310272217e-01
2.285306453704833984e-01
2.279769778251647949e-01
2.279769778251647949e-01
